"Mittauspiste Sijainti Päivä Suuntakoodi Ajoneuvoluokka",,,,,KLO_00-01,KLO_01-02,KLO_02-03,KLO_03-04,KLO_04-05,KLO_05-06,KLO_06-07,KLO_07-08,KLO_08-09,KLO_09-10,KLO_10-11,KLO_11-12,KLO_12-13,KLO_13-14,KLO_14-15,KLO_15-16,KLO_16-17,KLO_17-18,KLO_18-19,KLO_19-20,KLO_20-21,KLO_21-22,KLO_22-23,KLO_23-00
133,vt25_Noppo,2020/06/01,1,"11 HA-PA",18,14,9,9,22,58,193,256,291,258,275,275,305,314,418,634,678,432,261,238,184,119,103,37
133,vt25_Noppo,2020/06/01,1,"12 KAIP",,,1,,1,3,8,13,10,10,13,14,16,15,14,8,19,5,5,2,2,2,2,
133,vt25_Noppo,2020/06/01,1,"13 Linja-autot",,,,,,,,,,,,,,,,1,,,,1,,,1,
133,vt25_Noppo,2020/06/01,1,"14 KAPP",,2,1,1,,2,3,7,13,11,23,9,12,6,14,5,8,6,9,6,4,2,2,2
133,vt25_Noppo,2020/06/01,1,"15 KATP",3,1,4,,1,4,10,13,15,19,11,14,12,22,15,15,11,12,13,8,8,9,5,10
133,vt25_Noppo,2020/06/01,1,"16 HA + PK",,,,,1,2,4,2,10,8,9,11,10,14,14,12,13,10,6,2,5,4,,3
133,vt25_Noppo,2020/06/01,1,"17 HA + AV",,,,,,1,1,1,2,,1,1,1,,2,1,1,3,1,1,,,,
133,vt25_Noppo,2020/06/01,2,"11 HA-PA",24,7,11,15,39,279,517,463,305,196,235,289,251,292,287,409,375,301,260,225,181,123,53,25
133,vt25_Noppo,2020/06/01,2,"12 KAIP",2,,,3,3,6,17,12,10,8,7,15,13,12,12,9,12,9,5,5,2,4,2,
133,vt25_Noppo,2020/06/01,2,"13 Linja-autot",,,,,,1,1,1,1,,,1,1,,,,,,,,,,,
133,vt25_Noppo,2020/06/01,2,"14 KAPP",2,,,,1,3,8,4,7,9,13,8,18,6,11,8,11,13,8,6,4,6,2,
133,vt25_Noppo,2020/06/01,2,"15 KATP",1,2,,4,4,4,14,6,12,8,21,11,11,7,12,23,13,7,10,10,6,6,2,8
133,vt25_Noppo,2020/06/01,2,"16 HA + PK",2,,2,,1,3,6,6,5,12,9,8,9,14,7,15,12,8,7,7,4,5,,
133,vt25_Noppo,2020/06/01,2,"17 HA + AV",,,,1,,2,1,1,2,4,2,,,,1,1,2,3,1,,1,,,
133,vt25_Noppo,2020/06/02,1,"11 HA-PA",13,12,5,5,9,48,174,267,267,274,239,249,309,307,374,648,653,452,325,242,204,149,110,46
133,vt25_Noppo,2020/06/02,1,"12 KAIP",,2,,,2,3,15,16,11,20,18,11,12,21,11,14,7,9,7,3,5,,,1
133,vt25_Noppo,2020/06/02,1,"13 Linja-autot",,,,,,,,,,,,1,1,,1,,1,,2,1,,,,
133,vt25_Noppo,2020/06/02,1,"14 KAPP",,,1,3,,2,2,8,10,11,9,10,10,7,9,12,4,4,2,3,3,1,4,2
133,vt25_Noppo,2020/06/02,1,"15 KATP",3,1,1,1,4,5,6,16,13,22,12,20,21,17,16,16,25,18,9,9,4,7,4,4
133,vt25_Noppo,2020/06/02,1,"16 HA + PK",,,,,,,4,4,8,11,9,7,16,11,12,7,13,9,8,9,6,4,2,1
133,vt25_Noppo,2020/06/02,1,"17 HA + AV",1,,,,,,1,4,,1,4,5,3,1,5,3,4,,1,2,1,,2,
133,vt25_Noppo,2020/06/02,2,"11 HA-PA",18,5,9,11,47,263,499,476,292,210,258,237,265,305,307,375,413,305,253,202,156,131,59,34
133,vt25_Noppo,2020/06/02,2,"12 KAIP",2,,1,3,3,7,14,11,11,7,14,10,13,10,18,11,5,11,3,2,5,5,2,
133,vt25_Noppo,2020/06/02,2,"13 Linja-autot",,,,,,,,,1,,2,,,,,,,1,,,,,,
133,vt25_Noppo,2020/06/02,2,"14 KAPP",,1,5,1,2,5,5,4,11,10,14,8,6,3,8,7,4,6,6,8,5,2,,1
133,vt25_Noppo,2020/06/02,2,"15 KATP",10,2,4,2,2,11,17,15,13,15,15,15,19,14,13,26,11,10,12,6,8,9,4,3
133,vt25_Noppo,2020/06/02,2,"16 HA + PK",,,2,,,4,1,9,4,5,4,11,8,4,13,11,10,5,17,9,3,2,3,1
133,vt25_Noppo,2020/06/02,2,"17 HA + AV",,,,,,,4,1,2,2,2,1,3,5,1,5,1,,1,1,,,,
133,vt25_Noppo,2020/06/03,1,"11 HA-PA",23,3,7,9,12,48,176,262,274,258,279,304,281,328,420,638,740,470,334,219,201,141,103,53
133,vt25_Noppo,2020/06/03,1,"12 KAIP",,3,1,,4,4,17,17,18,20,11,13,21,13,13,9,9,5,8,4,7,2,,1
133,vt25_Noppo,2020/06/03,1,"13 Linja-autot",,,,,,,,1,,,2,2,,,,1,,,2,1,,,,
133,vt25_Noppo,2020/06/03,1,"14 KAPP",3,,1,1,2,2,3,5,12,11,10,12,10,6,7,10,7,3,4,8,6,3,6,1
133,vt25_Noppo,2020/06/03,1,"15 KATP",1,1,,1,1,5,8,14,23,17,19,13,19,15,18,13,19,11,8,5,8,3,7,3
133,vt25_Noppo,2020/06/03,1,"16 HA + PK",,,,1,1,3,3,1,7,6,13,12,6,9,14,9,18,4,12,6,6,7,1,
133,vt25_Noppo,2020/06/03,1,"17 HA + AV",1,,,,,,1,4,1,2,3,3,1,,3,1,,3,3,1,2,,,
133,vt25_Noppo,2020/06/03,2,"11 HA-PA",15,8,8,8,47,250,482,472,302,220,221,254,264,294,289,425,378,364,278,249,172,135,77,28
133,vt25_Noppo,2020/06/03,2,"12 KAIP",,,1,2,2,6,12,16,12,11,16,13,14,11,10,9,6,8,5,6,5,4,4,
133,vt25_Noppo,2020/06/03,2,"13 Linja-autot",,,,1,,,1,,2,1,4,1,,,1,,,2,,,,,,
133,vt25_Noppo,2020/06/03,2,"14 KAPP",1,3,,1,1,5,8,5,9,9,4,9,7,17,8,9,9,4,3,3,2,2,1,
133,vt25_Noppo,2020/06/03,2,"15 KATP",3,1,4,2,4,11,15,12,19,11,13,16,13,6,22,22,11,10,5,11,9,2,4,7
133,vt25_Noppo,2020/06/03,2,"16 HA + PK",,,,1,,,3,5,5,1,10,5,4,7,11,7,12,9,8,8,4,2,2,
133,vt25_Noppo,2020/06/03,2,"17 HA + AV",,,,,,,1,1,4,,2,1,1,4,2,6,1,1,1,,,1,1,
133,vt25_Noppo,2020/06/04,1,"11 HA-PA",16,10,8,7,11,48,185,257,222,231,274,286,311,355,421,635,734,483,344,255,210,124,120,34
133,vt25_Noppo,2020/06/04,1,"12 KAIP",,1,,1,3,,16,13,19,13,12,13,17,19,13,15,8,10,5,5,4,3,3,1
133,vt25_Noppo,2020/06/04,1,"13 Linja-autot",,,,,,,,1,,1,,1,,,,1,,1,,,,,,
133,vt25_Noppo,2020/06/04,1,"14 KAPP",1,,1,1,1,1,6,4,10,8,15,11,12,3,2,6,5,4,8,4,3,4,2,3
133,vt25_Noppo,2020/06/04,1,"15 KATP",4,,1,1,,3,6,7,20,18,15,11,17,22,20,19,18,12,12,6,4,8,4,1
133,vt25_Noppo,2020/06/04,1,"16 HA + PK",,,,,,,6,5,9,6,11,5,13,7,16,13,9,14,12,9,2,3,,
133,vt25_Noppo,2020/06/04,1,"17 HA + AV",,,,,,,,1,1,,2,,4,2,2,9,3,2,1,,2,,,
133,vt25_Noppo,2020/06/04,2,"11 HA-PA",19,8,5,14,47,258,504,456,292,227,202,284,258,327,332,440,395,331,275,257,160,108,67,31
133,vt25_Noppo,2020/06/04,2,"12 KAIP",,,,2,3,6,11,7,10,5,10,14,29,10,12,12,8,9,8,5,4,3,1,1
133,vt25_Noppo,2020/06/04,2,"13 Linja-autot",,,,,,,1,,1,1,,,,,1,,,1,,,,,,
133,vt25_Noppo,2020/06/04,2,"14 KAPP",,1,1,,2,1,4,6,9,9,10,7,5,10,5,10,7,6,8,8,4,3,,1
133,vt25_Noppo,2020/06/04,2,"15 KATP",5,5,4,1,3,14,11,9,11,10,13,20,11,10,12,18,20,15,5,9,8,9,6,3
133,vt25_Noppo,2020/06/04,2,"16 HA + PK",,,,,,2,3,6,7,6,5,4,6,8,9,14,15,11,5,9,5,3,1,
133,vt25_Noppo,2020/06/04,2,"17 HA + AV",,,,,,2,,3,2,,2,2,3,2,3,1,1,,,1,,1,,
133,vt25_Noppo,2020/06/05,1,"11 HA-PA",15,8,11,5,11,38,162,265,250,248,272,308,362,445,599,750,741,533,341,236,212,146,140,63
133,vt25_Noppo,2020/06/05,1,"12 KAIP",,1,,3,1,4,14,18,13,9,9,9,10,13,19,16,8,7,8,3,3,3,1,2
133,vt25_Noppo,2020/06/05,1,"13 Linja-autot",,,,,,,,,,1,,,2,,,2,1,,,,,,1,
133,vt25_Noppo,2020/06/05,1,"14 KAPP",1,1,,1,3,4,6,6,4,10,13,8,9,5,9,3,4,3,5,1,2,1,2,1
133,vt25_Noppo,2020/06/05,1,"15 KATP",1,5,2,1,2,4,5,9,16,17,16,18,16,19,15,10,15,10,8,7,5,1,1,4
133,vt25_Noppo,2020/06/05,1,"16 HA + PK",,,,,,2,2,4,7,8,12,16,12,15,21,21,32,19,13,9,5,,1,
133,vt25_Noppo,2020/06/05,1,"17 HA + AV",,,,,,,4,2,1,,3,5,3,1,3,8,7,5,6,,2,2,,1
133,vt25_Noppo,2020/06/05,2,"11 HA-PA",16,10,14,13,36,237,483,399,262,214,242,290,321,337,417,476,428,382,293,222,143,120,59,69
133,vt25_Noppo,2020/06/05,2,"12 KAIP",,,1,4,4,5,12,15,12,12,8,15,8,12,9,13,9,7,5,4,3,3,,
133,vt25_Noppo,2020/06/05,2,"13 Linja-autot",,,,,,,1,,,1,,,1,,1,1,,,1,1,,1,,
133,vt25_Noppo,2020/06/05,2,"14 KAPP",,1,1,,2,6,6,9,13,5,9,6,13,10,11,14,4,11,6,5,1,1,,
133,vt25_Noppo,2020/06/05,2,"15 KATP",3,2,1,4,3,11,9,13,13,12,11,18,12,8,13,20,9,8,12,4,1,1,,5
133,vt25_Noppo,2020/06/05,2,"16 HA + PK",2,1,,,,1,4,5,8,8,5,9,16,9,22,14,16,8,11,8,,3,2,1
133,vt25_Noppo,2020/06/05,2,"17 HA + AV",,,,,,1,,2,1,3,,1,1,1,3,4,,1,2,3,2,,,
133,vt25_Noppo,2020/06/06,1,"11 HA-PA",45,22,16,18,17,29,56,71,135,212,254,357,341,337,336,365,315,299,202,187,143,107,83,59
133,vt25_Noppo,2020/06/06,1,"12 KAIP",,1,,1,,,1,1,4,4,4,2,3,3,,2,3,2,,2,1,1,,
133,vt25_Noppo,2020/06/06,1,"13 Linja-autot",,,,,,,,,,,,,,1,,,,,1,,,,,
133,vt25_Noppo,2020/06/06,1,"14 KAPP",,,,,,3,1,,,1,3,1,3,,,,1,,1,,,,1,
133,vt25_Noppo,2020/06/06,1,"15 KATP",,1,1,2,,,2,2,2,2,2,1,3,2,1,4,,1,,,1,,,
133,vt25_Noppo,2020/06/06,1,"16 HA + PK",,,,,,6,4,7,7,10,13,14,19,11,12,11,6,7,11,4,2,3,3,
133,vt25_Noppo,2020/06/06,1,"17 HA + AV",,,,,1,,1,1,1,1,4,3,1,1,2,2,3,2,,1,,4,,
133,vt25_Noppo,2020/06/06,2,"11 HA-PA",34,14,14,13,16,36,56,60,118,173,225,334,340,332,341,315,329,283,224,176,139,100,71,39
133,vt25_Noppo,2020/06/06,2,"12 KAIP",,,,,,,3,,2,4,4,2,1,5,3,4,2,1,3,4,,2,,1
133,vt25_Noppo,2020/06/06,2,"13 Linja-autot",,,,,,,,,,,,,,1,,1,,2,,,,,,
133,vt25_Noppo,2020/06/06,2,"14 KAPP",,1,1,,,1,2,2,2,1,1,1,,1,1,1,,,,1,,,,
133,vt25_Noppo,2020/06/06,2,"15 KATP",2,3,,1,,,,4,6,2,3,,4,1,5,1,3,2,3,1,1,,,
133,vt25_Noppo,2020/06/06,2,"16 HA + PK",,,,,,,1,1,10,7,14,12,11,6,14,9,10,11,9,10,4,4,3,
133,vt25_Noppo,2020/06/06,2,"17 HA + AV",,,,,,1,1,,,1,1,2,1,2,,4,,2,,3,1,2,,
133,vt25_Noppo,2020/06/07,1,"11 HA-PA",39,30,28,20,14,17,27,43,69,127,209,270,312,326,327,335,357,385,309,273,190,130,63,35
133,vt25_Noppo,2020/06/07,1,"12 KAIP",,,,,,,,,,2,1,1,,1,3,3,3,3,3,1,4,2,,
133,vt25_Noppo,2020/06/07,1,"13 Linja-autot",,,,,,,,,,,,,,,1,,,,1,1,,,,
133,vt25_Noppo,2020/06/07,1,"14 KAPP",,,,,,,,,1,2,,1,1,,1,1,2,1,1,3,2,4,2,1
133,vt25_Noppo,2020/06/07,1,"15 KATP",,,,,,,,1,,1,4,,,4,1,1,,1,2,2,2,4,4,1
133,vt25_Noppo,2020/06/07,1,"16 HA + PK",,,,,,1,1,,3,3,9,13,9,11,13,8,11,12,14,16,8,2,2,3
133,vt25_Noppo,2020/06/07,1,"17 HA + AV",,,,,,,,,,2,1,2,2,3,2,1,4,3,2,2,,1,,1
133,vt25_Noppo,2020/06/07,2,"11 HA-PA",43,19,25,18,9,14,34,47,55,110,193,261,287,354,371,382,452,393,392,318,208,159,95,51
133,vt25_Noppo,2020/06/07,2,"12 KAIP",,,1,,,,,,1,1,2,1,1,2,2,6,1,2,3,1,5,2,1,1
133,vt25_Noppo,2020/06/07,2,"13 Linja-autot",,,,,,,,,,,,,,,,,,,2,,,,,
133,vt25_Noppo,2020/06/07,2,"14 KAPP",,,,,,1,,1,1,1,1,1,3,5,2,3,2,1,3,3,1,2,2,2
133,vt25_Noppo,2020/06/07,2,"15 KATP",,,,,,,,,,1,2,,1,,1,2,2,1,4,4,3,2,3,2
133,vt25_Noppo,2020/06/07,2,"16 HA + PK",,,,,,,1,,2,3,9,14,10,14,19,16,26,21,20,17,9,10,5,4
133,vt25_Noppo,2020/06/07,2,"17 HA + AV",,,,,,,,,,,1,,1,4,2,,7,3,3,1,1,2,,
133,vt25_Noppo,2020/06/08,1,"11 HA-PA",21,7,15,9,20,59,177,265,255,260,256,303,297,347,439,627,757,403,293,225,143,141,97,48
133,vt25_Noppo,2020/06/08,1,"12 KAIP",1,,,,2,3,10,14,18,11,12,17,14,15,9,12,13,4,7,3,4,1,1,1
133,vt25_Noppo,2020/06/08,1,"13 Linja-autot",,,,,,,,1,1,,2,,1,,,,,,,,,,,
133,vt25_Noppo,2020/06/08,1,"14 KAPP",2,,2,1,,,3,6,9,19,16,19,10,17,8,8,5,5,11,4,1,1,1,2
133,vt25_Noppo,2020/06/08,1,"15 KATP",3,2,1,,2,8,11,13,18,9,14,15,19,14,18,16,20,15,11,5,7,4,7,5
133,vt25_Noppo,2020/06/08,1,"16 HA + PK",2,,,,2,2,4,6,6,5,13,9,5,10,14,9,12,14,8,5,4,3,,
133,vt25_Noppo,2020/06/08,1,"17 HA + AV",,,,,,,1,2,1,,1,4,4,1,,3,1,2,3,1,,1,,1
133,vt25_Noppo,2020/06/08,2,"11 HA-PA",25,12,11,12,45,279,542,471,304,228,225,259,273,330,300,394,386,353,269,252,154,107,50,32
133,vt25_Noppo,2020/06/08,2,"12 KAIP",,,,3,3,6,12,7,9,13,13,18,12,11,13,10,19,7,4,5,1,1,1,
133,vt25_Noppo,2020/06/08,2,"13 Linja-autot",,,,,,,,,,1,3,,,,,,,,,,,,,
133,vt25_Noppo,2020/06/08,2,"14 KAPP",,1,,2,1,3,5,5,9,8,4,13,14,10,12,9,9,10,4,6,4,3,3,1
133,vt25_Noppo,2020/06/08,2,"15 KATP",2,1,,2,2,5,10,11,14,16,10,9,9,22,17,10,11,14,10,8,5,8,5,4
133,vt25_Noppo,2020/06/08,2,"16 HA + PK",2,2,,1,,2,8,6,2,6,8,7,16,8,9,11,11,12,7,8,5,3,2,1
133,vt25_Noppo,2020/06/08,2,"17 HA + AV",,1,1,,,,5,4,2,,,1,3,2,2,1,1,3,1,,,2,,
133,vt25_Noppo,2020/06/09,1,"11 HA-PA",21,6,7,7,6,45,170,277,240,247,271,259,307,310,420,673,719,462,293,238,217,147,115,42
133,vt25_Noppo,2020/06/09,1,"12 KAIP",,2,,1,2,1,10,17,12,9,12,9,12,17,11,12,9,7,3,4,5,1,1,2
133,vt25_Noppo,2020/06/09,1,"13 Linja-autot",,,,,,,,1,,,,,1,,2,,,,,,,,,
133,vt25_Noppo,2020/06/09,1,"14 KAPP",1,,3,,1,,9,4,8,10,15,14,5,8,8,9,6,10,4,1,2,1,2,
133,vt25_Noppo,2020/06/09,1,"15 KATP",2,2,,2,1,5,8,13,13,24,24,16,14,17,18,18,22,10,20,13,8,3,4,5
133,vt25_Noppo,2020/06/09,1,"16 HA + PK",,,,,,3,5,3,5,14,6,11,9,11,7,15,13,18,8,7,4,5,1,1
133,vt25_Noppo,2020/06/09,1,"17 HA + AV",,,,,,1,1,4,2,4,2,,4,,3,5,6,2,,1,2,,,
133,vt25_Noppo,2020/06/09,2,"11 HA-PA",13,11,9,12,42,274,528,452,309,224,208,285,291,328,324,388,406,309,267,249,193,126,57,34
133,vt25_Noppo,2020/06/09,2,"12 KAIP",2,,1,4,3,9,15,8,14,13,9,13,14,10,10,13,7,6,4,4,3,7,3,1
133,vt25_Noppo,2020/06/09,2,"13 Linja-autot",,,,,,,2,1,1,1,1,1,,,,,,,2,,,,1,
133,vt25_Noppo,2020/06/09,2,"14 KAPP",2,,,2,4,5,5,7,6,11,8,6,10,8,7,10,3,5,8,4,4,,1,1
133,vt25_Noppo,2020/06/09,2,"15 KATP",4,4,1,1,4,7,10,4,12,15,21,19,23,15,9,15,15,8,10,12,10,6,2,7
133,vt25_Noppo,2020/06/09,2,"16 HA + PK",,1,1,,,1,2,6,5,4,7,6,5,12,12,8,11,11,16,4,3,4,4,1
133,vt25_Noppo,2020/06/09,2,"17 HA + AV",,,,,,1,2,,1,1,1,,,2,5,1,2,1,,,,1,,
133,vt25_Noppo,2020/06/10,1,"11 HA-PA",17,16,11,16,13,47,196,270,251,277,261,281,321,363,422,661,751,489,339,284,220,204,110,47
133,vt25_Noppo,2020/06/10,1,"12 KAIP",1,,1,1,4,4,10,15,16,15,15,12,13,24,10,17,14,6,3,4,4,2,4,
133,vt25_Noppo,2020/06/10,1,"13 Linja-autot",,,,,,,1,,,,,1,,1,,,,,1,,,,,
133,vt25_Noppo,2020/06/10,1,"14 KAPP",,1,,,1,2,5,5,12,6,18,12,10,9,6,4,5,5,5,3,2,4,5,1
133,vt25_Noppo,2020/06/10,1,"15 KATP",2,1,1,2,,5,8,10,21,12,21,14,7,20,16,20,22,14,7,7,6,7,5,4
133,vt25_Noppo,2020/06/10,1,"16 HA + PK",1,,,,2,1,1,3,7,16,10,11,6,12,12,15,13,11,12,7,6,5,2,1
133,vt25_Noppo,2020/06/10,1,"17 HA + AV",2,,,,,,2,1,2,2,1,3,2,,2,3,3,2,2,1,,2,,1
133,vt25_Noppo,2020/06/10,2,"11 HA-PA",22,9,8,19,42,262,527,473,306,226,227,287,290,309,358,420,454,371,256,259,204,144,74,35
133,vt25_Noppo,2020/06/10,2,"12 KAIP",2,,2,4,2,12,16,12,11,12,11,11,5,19,19,10,9,3,,5,6,2,1,1
133,vt25_Noppo,2020/06/10,2,"13 Linja-autot",,,,,,1,,2,,,1,,3,1,1,,,,,,,,,
133,vt25_Noppo,2020/06/10,2,"14 KAPP",1,,,1,1,2,6,10,10,6,8,18,7,7,12,11,9,13,11,8,6,1,1,
133,vt25_Noppo,2020/06/10,2,"15 KATP",5,2,3,4,2,14,14,12,12,11,14,11,12,15,13,11,13,9,14,8,6,6,9,5
133,vt25_Noppo,2020/06/10,2,"16 HA + PK",,,,,,4,3,3,8,4,10,6,6,9,10,9,12,9,7,7,4,3,1,3
133,vt25_Noppo,2020/06/10,2,"17 HA + AV",,,,,,,,1,2,1,1,,2,,3,2,1,2,2,,1,,2,
133,vt25_Noppo,2020/06/11,1,"11 HA-PA",27,13,13,6,11,47,192,245,271,262,283,311,296,362,414,682,803,492,358,264,243,165,117,54
133,vt25_Noppo,2020/06/11,1,"12 KAIP",,1,,,2,1,7,19,16,19,13,13,12,19,13,17,18,8,3,5,4,4,,
133,vt25_Noppo,2020/06/11,1,"13 Linja-autot",,,,,,,,1,,,1,,,1,1,,1,2,,1,,,,
133,vt25_Noppo,2020/06/11,1,"14 KAPP",,2,1,,,1,2,11,13,12,14,16,11,10,9,10,6,7,7,5,1,4,1,1
133,vt25_Noppo,2020/06/11,1,"15 KATP",2,,2,,3,4,9,14,12,11,16,18,15,21,18,11,21,14,13,8,14,6,5,2
133,vt25_Noppo,2020/06/11,1,"16 HA + PK",1,,1,1,1,1,,10,10,7,13,6,11,4,17,26,19,13,12,7,11,3,4,
133,vt25_Noppo,2020/06/11,1,"17 HA + AV",,,,,,1,1,3,3,2,1,3,,5,3,5,3,1,3,2,1,1,,
133,vt25_Noppo,2020/06/11,2,"11 HA-PA",20,9,9,17,42,274,483,461,253,248,262,260,284,336,375,473,436,362,310,290,198,137,88,42
133,vt25_Noppo,2020/06/11,2,"12 KAIP",1,,,3,6,6,19,13,16,16,14,16,14,15,17,14,13,11,2,4,5,2,5,2
133,vt25_Noppo,2020/06/11,2,"13 Linja-autot",,,,,,1,,,,1,,1,,,,,,1,,,,,,
133,vt25_Noppo,2020/06/11,2,"14 KAPP",1,1,1,1,,2,1,6,7,8,10,7,16,5,8,13,8,8,5,3,4,5,,2
133,vt25_Noppo,2020/06/11,2,"15 KATP",7,2,3,1,1,12,10,3,19,16,13,20,14,11,12,13,17,13,9,6,6,4,4,3
133,vt25_Noppo,2020/06/11,2,"16 HA + PK",,,1,,,,2,3,5,6,5,5,5,7,12,10,20,15,10,10,12,4,3,1
133,vt25_Noppo,2020/06/11,2,"17 HA + AV",,1,,,,,,,4,1,1,,2,1,,2,2,,1,3,1,,1,1
133,vt25_Noppo,2020/06/12,1,"11 HA-PA",23,16,6,8,13,54,168,244,246,296,300,327,398,464,590,758,693,550,374,291,219,195,128,88
133,vt25_Noppo,2020/06/12,1,"12 KAIP",,2,,2,1,2,18,17,19,15,20,19,21,18,22,15,7,2,14,3,4,1,,
133,vt25_Noppo,2020/06/12,1,"13 Linja-autot",,,,,,,,2,,1,,,,,,,1,,1,,,,1,
133,vt25_Noppo,2020/06/12,1,"14 KAPP",,1,1,,1,3,2,8,12,9,9,12,11,5,5,5,1,5,2,1,1,2,,1
133,vt25_Noppo,2020/06/12,1,"15 KATP",4,1,2,,1,6,7,11,21,20,14,21,9,20,19,18,11,7,11,4,7,1,3,2
133,vt25_Noppo,2020/06/12,1,"16 HA + PK",1,,,,,4,3,6,7,11,11,14,26,17,15,22,34,18,18,14,6,3,2,2
133,vt25_Noppo,2020/06/12,1,"17 HA + AV",,,,,2,,1,4,1,1,1,5,3,5,6,3,6,5,2,1,,2,1,
133,vt25_Noppo,2020/06/12,2,"11 HA-PA",18,17,11,14,46,249,466,439,280,257,247,294,319,378,415,480,435,364,344,248,177,153,88,66
133,vt25_Noppo,2020/06/12,2,"12 KAIP",,,1,3,3,8,14,12,9,17,14,25,19,18,19,17,16,4,3,,3,5,4,2
133,vt25_Noppo,2020/06/12,2,"13 Linja-autot",,,,,,,,,,1,,,,,,1,1,,,1,,1,,
133,vt25_Noppo,2020/06/12,2,"14 KAPP",1,1,1,,1,3,6,6,12,16,8,4,9,13,8,4,8,8,4,5,2,1,3,1
133,vt25_Noppo,2020/06/12,2,"15 KATP",8,1,1,6,3,10,16,7,18,12,9,13,13,13,19,18,12,7,4,6,4,6,1,2
133,vt25_Noppo,2020/06/12,2,"16 HA + PK",2,1,,,1,3,3,8,8,9,9,4,13,9,10,10,18,12,12,9,7,3,4,
133,vt25_Noppo,2020/06/12,2,"17 HA + AV",,,,,1,,1,,,1,1,2,1,2,2,2,2,3,,,3,,2,1
133,vt25_Noppo,2020/06/13,1,"11 HA-PA",39,19,21,10,17,21,59,86,149,284,347,384,392,341,368,322,319,327,285,245,183,149,110,83
133,vt25_Noppo,2020/06/13,1,"12 KAIP",2,1,,,,1,1,,6,1,5,5,2,7,3,2,2,1,1,2,,,1,1
133,vt25_Noppo,2020/06/13,1,"14 KAPP",1,,1,,,2,2,1,1,2,,3,3,,,1,3,1,,,,1,1,
133,vt25_Noppo,2020/06/13,1,"15 KATP",1,2,,1,1,,,,2,3,1,,2,4,,2,1,1,1,1,,1,1,
133,vt25_Noppo,2020/06/13,1,"16 HA + PK",1,,,,,2,3,3,7,16,13,23,20,12,14,10,7,10,12,2,4,7,4,3
133,vt25_Noppo,2020/06/13,1,"17 HA + AV",,,,,,,,1,2,4,4,2,3,2,3,1,3,2,4,1,1,2,,1
133,vt25_Noppo,2020/06/13,2,"11 HA-PA",32,29,14,7,25,30,53,69,128,226,293,330,398,378,366,358,354,299,240,208,164,114,90,76
133,vt25_Noppo,2020/06/13,2,"12 KAIP",,,,,,1,,3,1,2,,6,4,3,5,4,2,3,3,3,1,2,,2
133,vt25_Noppo,2020/06/13,2,"13 Linja-autot",,,,,,,,,,,,,,,,,,,1,,,,,
133,vt25_Noppo,2020/06/13,2,"14 KAPP",1,,,,,3,2,,1,,2,,,2,1,,,,3,1,,,,
133,vt25_Noppo,2020/06/13,2,"15 KATP",6,1,2,4,,1,,1,1,2,4,2,1,2,3,1,1,2,1,1,2,,2,
133,vt25_Noppo,2020/06/13,2,"16 HA + PK",,,1,1,,1,,6,6,11,10,19,15,12,15,10,6,14,5,7,6,3,6,2
133,vt25_Noppo,2020/06/13,2,"17 HA + AV",,,,,,,2,2,1,,2,4,1,1,2,4,,,1,1,,,2,
133,vt25_Noppo,2020/06/14,1,"11 HA-PA",41,34,23,19,15,17,29,44,65,142,214,239,335,352,389,385,395,369,347,330,244,181,82,43
133,vt25_Noppo,2020/06/14,1,"12 KAIP",,,,,,,,,2,,3,3,1,1,7,4,6,2,3,1,,3,1,1
133,vt25_Noppo,2020/06/14,1,"13 Linja-autot",,,,,,,,,,,,1,1,2,,,,,,1,,,,
133,vt25_Noppo,2020/06/14,1,"14 KAPP",,,,,,,,,,2,1,,1,3,1,,,2,2,,3,,2,1
133,vt25_Noppo,2020/06/14,1,"15 KATP",,,,,,,1,,,2,2,1,,3,1,4,3,5,2,2,2,1,5,
133,vt25_Noppo,2020/06/14,1,"16 HA + PK",2,,,,,1,2,1,4,8,11,8,15,16,8,14,12,7,9,12,6,8,1,3
133,vt25_Noppo,2020/06/14,1,"17 HA + AV",1,,,,,1,1,,2,,2,1,1,5,3,2,1,4,2,1,4,1,,
133,vt25_Noppo,2020/06/14,2,"11 HA-PA",46,41,21,12,13,20,43,55,71,133,203,282,321,396,432,416,446,444,411,333,297,192,110,55
133,vt25_Noppo,2020/06/14,2,"12 KAIP",,,,,3,,,,,3,1,2,2,3,1,6,4,2,2,2,1,1,2,1
133,vt25_Noppo,2020/06/14,2,"13 Linja-autot",,,,,,,,,,,,,,,,,1,,,1,,,,
133,vt25_Noppo,2020/06/14,2,"14 KAPP",,,,,,1,1,,1,,,1,4,2,2,1,3,3,5,4,2,4,2,2
133,vt25_Noppo,2020/06/14,2,"15 KATP",,,,,,,1,1,1,,1,1,,3,1,2,1,2,1,6,6,2,1,1
133,vt25_Noppo,2020/06/14,2,"16 HA + PK",1,1,,1,,,1,2,2,5,5,10,9,16,9,13,19,15,17,14,18,12,7,2
133,vt25_Noppo,2020/06/14,2,"17 HA + AV",1,,,,,,,,,,1,3,1,4,1,3,2,4,5,5,1,2,,1
133,vt25_Noppo,2020/06/15,1,"11 HA-PA",19,19,7,8,24,57,185,254,279,295,292,323,321,338,453,614,707,477,329,275,224,163,136,47
133,vt25_Noppo,2020/06/15,1,"12 KAIP",,1,1,,2,3,15,21,12,12,11,17,19,8,12,16,18,6,9,4,6,1,1,
133,vt25_Noppo,2020/06/15,1,"13 Linja-autot",,,,,,,1,1,2,,1,3,,1,,1,,,,,,,,
133,vt25_Noppo,2020/06/15,1,"14 KAPP",,3,1,,1,3,3,4,12,15,15,14,14,8,6,5,14,5,3,3,5,3,2,
133,vt25_Noppo,2020/06/15,1,"15 KATP",,2,,1,3,7,9,11,8,20,18,7,8,11,22,20,22,13,13,6,5,7,3,4
133,vt25_Noppo,2020/06/15,1,"16 HA + PK",,,1,,,1,3,5,6,11,11,11,15,10,13,13,13,19,9,6,8,2,5,1
133,vt25_Noppo,2020/06/15,1,"17 HA + AV",,,,,,,,2,3,1,6,2,3,2,5,4,3,3,1,3,2,,1,
133,vt25_Noppo,2020/06/15,2,"11 HA-PA",26,9,7,15,49,268,509,477,289,267,271,307,311,337,350,440,408,390,304,271,194,130,71,37
133,vt25_Noppo,2020/06/15,2,"12 KAIP",,,1,3,2,4,16,11,13,8,11,12,12,17,19,13,11,5,4,5,6,4,3,2
133,vt25_Noppo,2020/06/15,2,"13 Linja-autot",,,,,,,,,1,1,1,3,,,,1,1,,1,,1,,,
133,vt25_Noppo,2020/06/15,2,"14 KAPP",,,,1,1,2,3,5,5,12,9,9,1,12,8,12,10,13,8,4,5,3,3,
133,vt25_Noppo,2020/06/15,2,"15 KATP",1,,,1,2,12,12,11,7,9,11,12,10,12,13,17,13,15,5,7,7,6,6,2
133,vt25_Noppo,2020/06/15,2,"16 HA + PK",1,,,1,,2,6,4,10,10,6,11,4,14,16,5,8,21,12,9,10,2,4,2
133,vt25_Noppo,2020/06/15,2,"17 HA + AV",2,,,,,1,1,1,1,,2,3,3,2,1,2,4,1,3,2,2,1,2,
133,vt25_Noppo,2020/06/16,1,"11 HA-PA",27,15,12,9,8,43,181,266,248,277,280,285,309,391,435,649,758,500,362,293,214,190,113,42
133,vt25_Noppo,2020/06/16,1,"12 KAIP",,,1,,2,4,12,15,16,16,16,8,14,18,13,16,12,4,9,7,2,2,4,3
133,vt25_Noppo,2020/06/16,1,"13 Linja-autot",,,,,,,,,,,1,1,,,,1,1,1,,,,,,
133,vt25_Noppo,2020/06/16,1,"14 KAPP",,2,1,,3,2,5,3,7,14,9,9,13,6,10,11,13,5,6,4,1,4,6,
133,vt25_Noppo,2020/06/16,1,"15 KATP",3,,1,,4,2,17,13,11,15,13,17,18,14,16,15,14,23,8,6,5,9,,2
133,vt25_Noppo,2020/06/16,1,"16 HA + PK",,,1,,1,1,1,9,7,16,8,13,9,10,11,9,12,16,13,7,9,3,3,2
133,vt25_Noppo,2020/06/16,1,"17 HA + AV",,,,,,,,3,5,1,2,,5,1,4,6,2,2,3,,2,,,1
133,vt25_Noppo,2020/06/16,2,"11 HA-PA",16,16,9,20,38,251,514,470,316,211,267,250,287,340,310,415,415,348,324,265,190,133,74,54
133,vt25_Noppo,2020/06/16,2,"12 KAIP",,1,,1,1,12,10,11,16,11,12,11,11,16,19,14,8,10,5,4,5,4,3,1
133,vt25_Noppo,2020/06/16,2,"13 Linja-autot",,,,,,,,,1,,,,1,1,,,,,1,,,,,
133,vt25_Noppo,2020/06/16,2,"14 KAPP",,1,1,1,2,7,10,10,7,9,11,5,7,12,6,9,12,10,9,9,2,3,1,1
133,vt25_Noppo,2020/06/16,2,"15 KATP",10,1,3,2,9,8,6,13,13,12,15,19,15,12,20,17,13,13,8,5,7,5,6,5
133,vt25_Noppo,2020/06/16,2,"16 HA + PK",3,,,,,2,1,3,5,6,8,7,7,8,13,17,16,11,6,6,9,5,3,4
133,vt25_Noppo,2020/06/16,2,"17 HA + AV",,,,,,,,,3,3,1,2,1,3,,4,1,1,,,,,2,
133,vt25_Noppo,2020/06/17,1,"11 HA-PA",15,15,11,6,7,43,171,241,298,306,327,327,357,397,534,681,809,621,460,326,270,205,131,54
133,vt25_Noppo,2020/06/17,1,"12 KAIP",1,1,,,5,4,7,11,15,15,12,12,13,15,16,19,14,6,7,8,7,4,,
133,vt25_Noppo,2020/06/17,1,"13 Linja-autot",,,,,,,,1,,,2,,1,2,,2,,,,,,1,,
133,vt25_Noppo,2020/06/17,1,"14 KAPP",,1,3,,1,3,6,6,12,11,19,7,13,7,10,9,2,4,5,2,2,2,1,2
133,vt25_Noppo,2020/06/17,1,"15 KATP",3,2,,1,1,4,9,8,13,20,25,18,14,18,17,25,18,14,15,9,5,7,3,6
133,vt25_Noppo,2020/06/17,1,"16 HA + PK",,,,,,5,1,8,11,8,11,11,4,18,12,21,21,16,19,12,11,5,4,4
133,vt25_Noppo,2020/06/17,1,"17 HA + AV",,,,,,,2,,4,3,4,7,3,2,5,3,6,6,2,4,,3,,2
133,vt25_Noppo,2020/06/17,2,"11 HA-PA",28,10,15,19,48,250,501,447,303,223,260,281,315,367,360,423,417,377,311,309,227,158,80,49
133,vt25_Noppo,2020/06/17,2,"12 KAIP",,1,2,2,1,12,17,14,14,9,11,13,15,17,8,19,10,11,6,9,2,6,1,1
133,vt25_Noppo,2020/06/17,2,"13 Linja-autot",,,,,,,1,1,,,,,,,,,1,,1,,2,,,
133,vt25_Noppo,2020/06/17,2,"14 KAPP",2,,,1,2,2,7,9,5,10,10,12,9,6,5,13,11,6,4,3,2,3,1,1
133,vt25_Noppo,2020/06/17,2,"15 KATP",4,2,3,2,3,7,15,9,14,11,14,10,14,20,20,14,13,9,10,8,9,4,5,6
133,vt25_Noppo,2020/06/17,2,"16 HA + PK",1,,,,1,3,5,5,5,7,9,5,9,5,11,11,14,7,10,4,5,8,1,2
133,vt25_Noppo,2020/06/17,2,"17 HA + AV",,,,,,,,,1,,,,3,3,3,4,5,,2,2,1,1,,
133,vt25_Noppo,2020/06/18,1,"11 HA-PA",31,17,15,7,18,47,137,238,251,304,380,412,482,618,743,717,677,674,538,347,270,214,132,87
133,vt25_Noppo,2020/06/18,1,"12 KAIP",1,1,2,,2,1,11,13,13,14,22,21,12,12,12,10,7,9,7,2,4,,1,1
133,vt25_Noppo,2020/06/18,1,"13 Linja-autot",,,,,,,1,,,,1,,,2,,,,3,1,1,,,,
133,vt25_Noppo,2020/06/18,1,"14 KAPP",1,,,1,,1,3,6,8,11,18,14,15,10,6,7,2,3,3,2,2,1,1,1
133,vt25_Noppo,2020/06/18,1,"15 KATP",1,4,2,3,3,4,5,8,17,11,25,21,14,13,9,6,9,14,5,5,2,2,1,5
133,vt25_Noppo,2020/06/18,1,"16 HA + PK",,1,,2,,2,6,6,7,14,17,12,25,14,15,22,16,34,16,9,8,5,5,3
133,vt25_Noppo,2020/06/18,1,"17 HA + AV",1,,1,,,1,1,2,1,3,6,5,,5,4,4,7,4,10,5,1,2,,2
133,vt25_Noppo,2020/06/18,2,"11 HA-PA",20,17,10,19,50,236,396,349,213,238,234,292,348,381,421,425,440,373,291,267,195,131,98,52
133,vt25_Noppo,2020/06/18,2,"12 KAIP",1,,1,3,5,9,9,11,18,15,14,19,16,11,11,4,8,1,2,1,1,4,,1
133,vt25_Noppo,2020/06/18,2,"13 Linja-autot",,,,,,,,3,2,1,2,,,1,1,,1,1,,,,,,
133,vt25_Noppo,2020/06/18,2,"14 KAPP",2,2,,,,5,4,11,2,15,9,6,9,14,10,10,4,6,8,4,2,1,,
133,vt25_Noppo,2020/06/18,2,"15 KATP",7,2,2,2,7,7,11,7,9,7,14,12,11,10,16,12,7,6,4,8,3,1,4,2
133,vt25_Noppo,2020/06/18,2,"16 HA + PK",,1,,,,4,,3,6,4,9,9,11,11,11,17,9,11,11,8,4,1,4,
133,vt25_Noppo,2020/06/18,2,"17 HA + AV",,,,,1,,1,,1,,2,4,,4,1,1,2,4,2,3,2,,1,1
133,vt25_Noppo,2020/06/19,1,"11 HA-PA",39,27,16,10,12,23,60,86,160,247,339,381,330,331,284,243,213,173,165,126,135,106,101,74
133,vt25_Noppo,2020/06/19,1,"12 KAIP",,2,,,,2,1,,,,1,,,1,1,2,2,,,,,,,
133,vt25_Noppo,2020/06/19,1,"13 Linja-autot",,,,,,,,,,,1,,,1,1,,,1,,,,,,
133,vt25_Noppo,2020/06/19,1,"14 KAPP",1,,,,,,1,,4,,1,3,,2,,1,1,1,1,2,3,,,
133,vt25_Noppo,2020/06/19,1,"15 KATP",1,,,,,2,1,2,1,3,2,3,1,1,,1,,1,,,1,,,
133,vt25_Noppo,2020/06/19,1,"16 HA + PK",1,1,,,,3,3,3,5,12,11,12,12,12,4,8,2,3,3,1,,2,1,
133,vt25_Noppo,2020/06/19,1,"17 HA + AV",1,,,,,,,1,4,,4,3,4,3,1,,1,1,,,,,,1
133,vt25_Noppo,2020/06/19,2,"11 HA-PA",33,19,20,8,12,22,39,42,72,159,288,267,324,318,270,210,191,155,120,141,111,84,61,49
133,vt25_Noppo,2020/06/19,2,"12 KAIP",,2,,1,,1,1,,1,,1,3,1,3,1,2,,,,1,1,,,1
133,vt25_Noppo,2020/06/19,2,"13 Linja-autot",,,,,,,,,,1,,1,,,,,1,,,,,,,
133,vt25_Noppo,2020/06/19,2,"14 KAPP",,,,,1,,2,2,1,,,,,1,1,,,,,,,,,
133,vt25_Noppo,2020/06/19,2,"15 KATP",3,1,3,2,,2,,1,,2,1,5,1,,,1,,1,1,,,,1,
133,vt25_Noppo,2020/06/19,2,"16 HA + PK",2,1,1,,,,,3,3,4,9,7,7,3,5,2,2,1,1,2,2,1,1,
133,vt25_Noppo,2020/06/19,2,"17 HA + AV",,,,,,,1,1,4,2,2,3,2,3,1,1,,,,,,,,
133,vt25_Noppo,2020/06/20,1,"11 HA-PA",68,51,13,11,12,15,23,24,46,69,147,146,201,232,213,232,238,199,179,196,149,118,80,59
133,vt25_Noppo,2020/06/20,1,"12 KAIP",,,,,,,,,,,1,1,2,3,2,4,2,2,2,1,1,,,
133,vt25_Noppo,2020/06/20,1,"13 Linja-autot",,,,,,,,,,,,,,,,,,,,,,,,1
133,vt25_Noppo,2020/06/20,1,"14 KAPP",,,,,,,,1,,1,2,,,1,,2,2,,,,,,,
133,vt25_Noppo,2020/06/20,1,"15 KATP",,1,,,,,,,,1,1,,1,1,1,,1,1,,,1,,1,
133,vt25_Noppo,2020/06/20,1,"16 HA + PK",,,,,1,,,1,1,7,3,1,1,8,6,2,,2,1,2,4,,,2
133,vt25_Noppo,2020/06/20,1,"17 HA + AV",,,,,,,1,,,1,,,2,2,1,1,1,,1,1,1,,,1
133,vt25_Noppo,2020/06/20,2,"11 HA-PA",48,29,21,14,8,15,28,21,49,73,123,152,238,219,224,229,192,207,214,171,127,119,68,54
133,vt25_Noppo,2020/06/20,2,"12 KAIP",,,,,,,1,,,1,1,,5,3,3,1,5,3,1,3,,1,,
133,vt25_Noppo,2020/06/20,2,"14 KAPP",,,,,,1,1,,,,,,,1,1,,5,2,1,,1,,,
133,vt25_Noppo,2020/06/20,2,"15 KATP",,,,,,,,,2,,1,,,,3,,,,1,1,1,,,1
133,vt25_Noppo,2020/06/20,2,"16 HA + PK",,,,,,,1,1,3,,,2,4,5,3,3,9,3,8,4,4,4,1,1
133,vt25_Noppo,2020/06/20,2,"17 HA + AV",,,,,,,,,1,1,1,,,2,2,,,1,3,3,1,,,
133,vt25_Noppo,2020/06/21,1,"11 HA-PA",40,30,25,6,7,17,30,29,50,97,163,201,280,359,307,328,345,389,339,295,235,173,98,50
133,vt25_Noppo,2020/06/21,1,"12 KAIP",,,,,,,,,1,,1,1,5,1,5,7,2,2,2,,2,1,,
133,vt25_Noppo,2020/06/21,1,"13 Linja-autot",,,,,,,,,,,,,1,1,,,,,1,,,,,
133,vt25_Noppo,2020/06/21,1,"14 KAPP",,,,,,,,,,1,,,2,1,,1,3,3,2,2,,4,8,
133,vt25_Noppo,2020/06/21,1,"15 KATP",,,,,,,,,1,,1,,1,3,1,1,,3,1,1,3,,1,2
133,vt25_Noppo,2020/06/21,1,"16 HA + PK",,2,,,,,1,2,2,7,5,7,7,6,9,11,13,10,8,8,10,9,2,
133,vt25_Noppo,2020/06/21,1,"17 HA + AV",,,,1,,,,1,,1,1,,,1,,3,,3,2,2,1,,,
133,vt25_Noppo,2020/06/21,2,"11 HA-PA",46,26,11,8,9,20,27,33,49,105,175,265,307,353,448,522,506,477,459,396,357,311,191,118
133,vt25_Noppo,2020/06/21,2,"12 KAIP",,,,,,,1,1,2,,2,2,3,6,5,3,6,3,2,3,5,2,2,
133,vt25_Noppo,2020/06/21,2,"13 Linja-autot",,,,,,,,,,,,1,,,1,,,,,,,2,,1
133,vt25_Noppo,2020/06/21,2,"14 KAPP",,,1,,,,,,,,,1,2,1,,9,2,6,2,3,1,,,
133,vt25_Noppo,2020/06/21,2,"15 KATP",,,,,,,,1,1,,,,,,,3,2,1,4,3,3,4,2,1
133,vt25_Noppo,2020/06/21,2,"16 HA + PK",,,1,,,1,1,,,2,,9,11,23,10,22,16,13,24,14,21,14,15,4
133,vt25_Noppo,2020/06/21,2,"17 HA + AV",,,,,,1,,,1,,,4,2,2,6,2,2,,8,5,4,3,3,2
133,vt25_Noppo,2020/06/22,1,"11 HA-PA",24,18,9,8,11,49,159,238,231,296,296,293,290,307,394,593,627,385,311,242,217,150,123,36
133,vt25_Noppo,2020/06/22,1,"12 KAIP",2,3,1,1,1,8,10,13,14,28,8,16,11,15,13,15,9,7,6,4,2,1,4,
133,vt25_Noppo,2020/06/22,1,"13 Linja-autot",,,,,,,1,1,,,,1,,,,,1,1,1,,,,,
133,vt25_Noppo,2020/06/22,1,"14 KAPP",2,1,1,,1,5,4,5,7,11,18,10,9,7,11,7,5,5,7,4,4,2,1,2
133,vt25_Noppo,2020/06/22,1,"15 KATP",2,,1,,2,4,7,11,18,10,10,14,11,21,15,14,14,11,11,7,5,3,6,4
133,vt25_Noppo,2020/06/22,1,"16 HA + PK",,,,,1,,5,3,6,12,7,6,9,4,7,13,20,6,2,7,7,3,2,1
133,vt25_Noppo,2020/06/22,1,"17 HA + AV",,,,,,,1,3,1,5,7,2,,3,1,4,2,4,2,2,,,,
133,vt25_Noppo,2020/06/22,2,"11 HA-PA",41,24,12,17,47,235,428,381,241,250,258,334,326,333,381,444,438,421,311,270,213,156,85,36
133,vt25_Noppo,2020/06/22,2,"12 KAIP",1,,,2,2,12,14,10,16,15,15,10,11,15,12,12,10,9,1,8,2,2,2,
133,vt25_Noppo,2020/06/22,2,"13 Linja-autot",,,,,,,,,,,1,,,,,,,,,,,,,
133,vt25_Noppo,2020/06/22,2,"14 KAPP",2,,,,,1,2,6,11,8,10,14,12,11,8,13,8,6,7,6,5,7,3,3
133,vt25_Noppo,2020/06/22,2,"15 KATP",1,3,3,1,3,7,10,9,15,12,11,15,15,9,17,14,15,7,10,5,6,4,1,2
133,vt25_Noppo,2020/06/22,2,"16 HA + PK",2,,,1,,2,4,8,7,10,7,4,7,15,11,18,14,11,12,12,11,7,4,2
133,vt25_Noppo,2020/06/22,2,"17 HA + AV",2,,1,,,1,2,3,,2,2,,2,1,2,2,5,1,2,1,4,3,1,1
133,vt25_Noppo,2020/06/23,1,"11 HA-PA",26,23,11,7,10,45,177,270,240,275,302,278,329,334,417,615,702,462,318,287,233,169,128,53
133,vt25_Noppo,2020/06/23,1,"12 KAIP",1,1,,1,1,2,15,14,12,21,11,21,13,10,15,13,11,8,6,5,8,3,2,2
133,vt25_Noppo,2020/06/23,1,"13 Linja-autot",,,,,,1,,,1,,,1,2,2,2,,1,,,,,,,
133,vt25_Noppo,2020/06/23,1,"14 KAPP",,1,1,1,1,,2,5,6,6,10,9,6,13,7,6,8,3,3,7,4,3,3,2
133,vt25_Noppo,2020/06/23,1,"15 KATP",1,,2,3,1,8,6,16,13,20,10,18,15,15,17,16,12,8,11,12,4,4,4,5
133,vt25_Noppo,2020/06/23,1,"16 HA + PK",,,,,,1,1,3,8,4,7,6,14,5,8,8,12,11,9,7,7,2,2,2
133,vt25_Noppo,2020/06/23,1,"17 HA + AV",1,,,,,,1,2,1,2,1,1,,3,2,4,3,3,2,1,2,1,1,
133,vt25_Noppo,2020/06/23,2,"11 HA-PA",32,14,6,15,37,227,490,395,301,234,282,292,287,363,339,470,425,370,314,253,203,174,75,40
133,vt25_Noppo,2020/06/23,2,"12 KAIP",,,,2,1,12,11,16,17,12,22,13,12,14,13,14,11,2,8,1,2,7,4,1
133,vt25_Noppo,2020/06/23,2,"13 Linja-autot",,,,,,,,,1,1,,1,,,,1,,,,,,,,
133,vt25_Noppo,2020/06/23,2,"14 KAPP",1,1,,,2,1,7,8,10,4,6,7,11,11,10,7,6,8,7,6,4,4,,
133,vt25_Noppo,2020/06/23,2,"15 KATP",3,5,3,1,5,5,15,9,11,17,15,8,17,9,21,17,6,18,9,9,6,1,3,6
133,vt25_Noppo,2020/06/23,2,"16 HA + PK",,,,,,2,2,4,4,4,7,9,15,12,7,10,12,10,13,6,5,4,3,4
133,vt25_Noppo,2020/06/23,2,"17 HA + AV",,,,,,,1,1,2,,3,1,3,,1,1,3,2,6,1,3,3,1,1
133,vt25_Noppo,2020/06/24,1,"11 HA-PA",21,15,12,6,13,52,184,285,252,237,269,308,354,307,414,664,657,505,332,313,248,197,161,67
133,vt25_Noppo,2020/06/24,1,"12 KAIP",,2,2,,2,2,9,12,13,16,16,17,13,16,15,18,14,11,9,6,6,2,3,
133,vt25_Noppo,2020/06/24,1,"13 Linja-autot",,,,,,,,,1,,1,1,,,,2,1,,,,,,,
133,vt25_Noppo,2020/06/24,1,"14 KAPP",,3,,,1,3,4,5,9,17,15,15,13,13,7,7,9,7,7,2,3,6,4,1
133,vt25_Noppo,2020/06/24,1,"15 KATP",,1,,2,3,6,13,9,20,15,16,18,17,12,15,9,12,13,17,10,5,4,4,4
133,vt25_Noppo,2020/06/24,1,"16 HA + PK",1,,,,,2,,2,5,7,2,6,6,11,10,7,12,7,7,6,3,5,4,
133,vt25_Noppo,2020/06/24,1,"17 HA + AV",1,,,,,1,,1,1,2,3,1,,2,,6,,3,3,,1,,1,1
133,vt25_Noppo,2020/06/24,2,"11 HA-PA",26,9,7,18,41,241,462,417,295,264,286,288,281,327,365,497,400,409,337,280,214,158,93,56
133,vt25_Noppo,2020/06/24,2,"12 KAIP",,,1,2,5,14,16,14,13,8,15,12,15,16,14,17,7,5,6,6,3,2,,2
133,vt25_Noppo,2020/06/24,2,"13 Linja-autot",,,,,,,,1,,,,4,2,,2,,1,,,,,,,
133,vt25_Noppo,2020/06/24,2,"14 KAPP",1,1,,,3,5,8,8,8,12,9,8,8,10,12,12,8,4,10,6,6,2,,1
133,vt25_Noppo,2020/06/24,2,"15 KATP",3,4,5,4,4,9,11,11,13,14,9,10,19,17,7,15,14,9,12,9,9,6,6,4
133,vt25_Noppo,2020/06/24,2,"16 HA + PK",3,2,,1,,,4,4,5,10,8,8,13,7,10,8,8,5,5,2,5,2,3,1
133,vt25_Noppo,2020/06/24,2,"17 HA + AV",,1,,,,,3,2,3,2,2,,2,3,1,3,2,4,4,2,2,1,,1
133,vt25_Noppo,2020/06/25,1,"11 HA-PA",21,17,10,11,12,41,155,215,226,271,258,254,319,377,474,619,700,497,366,345,271,225,150,50
133,vt25_Noppo,2020/06/25,1,"12 KAIP",1,2,,2,2,2,11,12,16,15,11,21,15,21,19,25,14,9,7,3,4,5,2,2
133,vt25_Noppo,2020/06/25,1,"13 Linja-autot",,,,,,,,,,,1,1,,,,,1,,,,,,,1
133,vt25_Noppo,2020/06/25,1,"14 KAPP",1,1,2,1,2,1,3,8,8,12,13,10,8,8,13,9,6,5,2,3,4,7,5,
133,vt25_Noppo,2020/06/25,1,"15 KATP",,,1,1,2,5,5,11,17,16,14,17,9,12,12,11,20,7,10,6,10,2,4,
133,vt25_Noppo,2020/06/25,1,"16 HA + PK",,,,1,,1,3,2,2,5,7,9,7,9,11,12,8,12,7,14,5,5,7,1
133,vt25_Noppo,2020/06/25,1,"17 HA + AV",,,,,,,2,2,1,5,2,2,2,1,3,4,4,3,2,2,1,1,1,
133,vt25_Noppo,2020/06/25,2,"11 HA-PA",23,16,14,18,35,238,430,403,282,237,240,327,272,349,395,463,414,387,344,256,212,159,97,44
133,vt25_Noppo,2020/06/25,2,"12 KAIP",1,,,2,2,13,11,12,15,10,7,17,13,23,20,17,7,6,5,4,3,5,1,
133,vt25_Noppo,2020/06/25,2,"13 Linja-autot",,,,,,,1,,,,,1,,,2,,1,,,,,,,
133,vt25_Noppo,2020/06/25,2,"14 KAPP",,1,1,,1,5,3,16,5,1,10,14,7,10,8,8,8,8,8,6,8,4,1,1
133,vt25_Noppo,2020/06/25,2,"15 KATP",4,4,5,2,4,6,9,10,11,12,12,13,17,10,15,13,13,5,5,2,9,5,7,2
133,vt25_Noppo,2020/06/25,2,"16 HA + PK",,,,,,1,3,5,1,5,6,7,8,8,10,10,8,16,10,8,7,4,3,1
133,vt25_Noppo,2020/06/25,2,"17 HA + AV",,,,,,2,1,,1,1,1,1,,2,3,2,3,1,,1,2,1,1,
133,vt25_Noppo,2020/06/26,1,"11 HA-PA",34,17,9,14,12,43,143,208,256,265,304,352,361,483,574,687,689,479,376,264,248,199,129,72
133,vt25_Noppo,2020/06/26,1,"12 KAIP",1,1,1,,3,2,16,14,7,20,17,12,21,18,15,17,8,7,6,5,6,1,1,
133,vt25_Noppo,2020/06/26,1,"13 Linja-autot",,,,,,,,1,,,,,1,,,,,,,,,,,
133,vt25_Noppo,2020/06/26,1,"14 KAPP",,1,1,,,1,6,8,14,12,11,15,11,6,13,4,3,3,5,5,1,1,2,
133,vt25_Noppo,2020/06/26,1,"15 KATP",2,2,,2,1,2,10,5,13,13,12,14,10,9,11,14,6,12,3,7,4,4,4,2
133,vt25_Noppo,2020/06/26,1,"16 HA + PK",,1,,,2,1,9,3,3,12,7,7,16,18,11,21,12,14,7,8,4,1,6,1
133,vt25_Noppo,2020/06/26,1,"17 HA + AV",,,,,1,1,2,2,2,3,3,5,9,4,7,5,6,7,4,2,,1,,1
133,vt25_Noppo,2020/06/26,2,"11 HA-PA",31,18,7,20,37,220,399,338,260,240,243,312,289,387,409,469,456,386,306,252,182,141,112,65
133,vt25_Noppo,2020/06/26,2,"12 KAIP",,2,,4,1,11,10,13,10,13,16,27,21,16,13,11,9,3,5,2,2,4,1,
133,vt25_Noppo,2020/06/26,2,"13 Linja-autot",,,,,,1,,,1,,,,1,,,,1,,,,,,,
133,vt25_Noppo,2020/06/26,2,"14 KAPP",1,,,1,1,,3,11,3,8,11,9,9,9,12,7,9,8,3,2,2,4,,3
133,vt25_Noppo,2020/06/26,2,"15 KATP",4,,2,5,6,15,10,5,11,16,9,7,17,12,9,20,14,6,8,6,4,1,4,2
133,vt25_Noppo,2020/06/26,2,"16 HA + PK",1,2,,1,,,5,5,4,6,7,7,6,8,15,10,9,13,11,5,7,5,3,2
133,vt25_Noppo,2020/06/26,2,"17 HA + AV",,1,,,,,,2,1,1,1,,4,2,5,3,7,3,8,1,,,2,1
133,vt25_Noppo,2020/06/27,1,"11 HA-PA",52,29,27,22,16,26,45,93,153,247,329,363,322,383,331,342,282,315,267,255,223,148,130,83
133,vt25_Noppo,2020/06/27,1,"12 KAIP",1,1,,1,3,,1,2,2,2,3,2,3,6,3,2,2,1,2,,,2,2,
133,vt25_Noppo,2020/06/27,1,"13 Linja-autot",,,,,,,,,,,,,1,1,,2,,1,1,,,,,
133,vt25_Noppo,2020/06/27,1,"14 KAPP",2,,1,,2,,2,2,,4,2,1,,,,,1,,1,1,,1,1,
133,vt25_Noppo,2020/06/27,1,"15 KATP",2,1,1,1,,,,2,1,1,2,7,3,3,2,2,,,1,1,1,,1,
133,vt25_Noppo,2020/06/27,1,"16 HA + PK",2,,,1,,1,6,2,4,10,11,13,17,16,2,6,7,3,4,2,1,3,,1
133,vt25_Noppo,2020/06/27,1,"17 HA + AV",,,,,,,1,,3,1,3,8,6,1,3,2,,,3,,1,,,
133,vt25_Noppo,2020/06/27,2,"11 HA-PA",45,36,15,13,15,38,50,81,122,216,284,350,369,344,354,321,378,318,289,208,173,136,97,61
133,vt25_Noppo,2020/06/27,2,"12 KAIP",,,1,,,2,2,1,1,2,6,2,5,5,3,1,4,1,,2,4,1,1,
133,vt25_Noppo,2020/06/27,2,"14 KAPP",,,,,,3,1,2,3,2,2,2,,,1,3,,,,,,,,
133,vt25_Noppo,2020/06/27,2,"15 KATP",2,2,2,1,2,1,,2,1,,4,4,1,6,1,2,,,1,,1,,,1
133,vt25_Noppo,2020/06/27,2,"16 HA + PK",1,,,,,,,3,6,9,15,5,13,8,10,9,10,15,7,6,11,5,4,2
133,vt25_Noppo,2020/06/27,2,"17 HA + AV",1,1,,,,,,1,,2,,1,1,5,1,1,3,1,2,3,1,,,
133,vt25_Noppo,2020/06/28,1,"11 HA-PA",67,47,24,21,21,16,31,47,67,126,214,282,326,344,337,397,377,375,330,272,248,154,115,52
133,vt25_Noppo,2020/06/28,1,"12 KAIP",1,1,,,,,,,,1,1,,1,3,5,1,6,7,2,2,3,2,2,
133,vt25_Noppo,2020/06/28,1,"13 Linja-autot",,,1,,,,,,,,,1,,,,,,,,1,,,,
133,vt25_Noppo,2020/06/28,1,"14 KAPP",,,,,,,,,,1,2,1,3,1,1,,4,3,3,3,5,1,4,
133,vt25_Noppo,2020/06/28,1,"15 KATP",,,,,,,1,1,,1,1,4,3,3,2,1,1,2,3,2,5,1,4,1
133,vt25_Noppo,2020/06/28,1,"16 HA + PK",1,,,2,,,2,1,1,7,6,10,10,11,5,7,8,9,12,12,7,2,4,1
133,vt25_Noppo,2020/06/28,1,"17 HA + AV",,,,,,,,1,2,,2,2,4,6,3,5,4,5,2,1,1,1,,
133,vt25_Noppo,2020/06/28,2,"11 HA-PA",58,38,30,18,21,28,38,50,58,121,192,269,271,376,437,415,451,420,428,380,304,208,138,61
133,vt25_Noppo,2020/06/28,2,"12 KAIP",,,,1,,,,,,1,3,1,2,2,3,6,6,3,6,5,4,2,,2
133,vt25_Noppo,2020/06/28,2,"13 Linja-autot",,,,,,,,,1,1,,,,,,,,,1,,1,1,,
133,vt25_Noppo,2020/06/28,2,"14 KAPP",,,,,1,,,,,,,,,,3,2,2,3,2,1,3,1,,
133,vt25_Noppo,2020/06/28,2,"15 KATP",,,,,,,1,,,1,,,,,2,2,3,7,,4,2,3,3,2
133,vt25_Noppo,2020/06/28,2,"16 HA + PK",2,1,1,,1,,1,3,11,3,8,2,8,12,14,17,14,23,22,13,10,4,3,7
133,vt25_Noppo,2020/06/28,2,"17 HA + AV",,,,,,,,,,,1,,3,3,2,3,1,5,5,2,4,2,2,1
133,vt25_Noppo,2020/06/29,1,"11 HA-PA",32,26,9,7,9,52,169,225,249,272,304,311,339,323,428,625,632,456,316,204,185,137,97,42
133,vt25_Noppo,2020/06/29,1,"12 KAIP",1,1,,,1,5,10,15,15,12,13,12,14,18,19,16,5,13,7,3,6,1,3,1
133,vt25_Noppo,2020/06/29,1,"13 Linja-autot",,,,,,,,,,1,,1,1,,,1,,,1,,,,,
133,vt25_Noppo,2020/06/29,1,"14 KAPP",,1,2,,,2,4,10,7,13,15,11,8,5,4,8,5,5,8,7,7,2,,2
133,vt25_Noppo,2020/06/29,1,"15 KATP",,1,,,3,5,6,14,22,12,17,13,15,15,16,11,19,17,12,5,16,10,4,2
133,vt25_Noppo,2020/06/29,1,"16 HA + PK",,,,,,,5,4,5,8,8,8,8,8,12,15,9,14,13,7,2,3,5,
133,vt25_Noppo,2020/06/29,1,"17 HA + AV",,,,,,,2,1,1,6,2,1,4,3,4,3,2,5,3,4,1,,2,
133,vt25_Noppo,2020/06/29,2,"11 HA-PA",30,17,10,11,41,269,462,406,258,252,267,314,271,335,345,422,429,323,292,227,209,129,67,34
133,vt25_Noppo,2020/06/29,2,"12 KAIP",1,1,,2,3,9,15,13,15,11,10,18,14,23,14,14,8,5,4,,4,6,2,
133,vt25_Noppo,2020/06/29,2,"13 Linja-autot",,,,,,,,,,,,,,,,,,,,,,1,,
133,vt25_Noppo,2020/06/29,2,"14 KAPP",,,,,1,3,3,3,7,10,8,8,10,9,12,11,14,5,6,,4,5,1,
133,vt25_Noppo,2020/06/29,2,"15 KATP",3,,,1,2,9,10,9,16,13,17,10,17,10,9,16,19,11,10,7,6,10,8,4
133,vt25_Noppo,2020/06/29,2,"16 HA + PK",,1,,,,1,9,6,9,5,8,5,9,8,12,12,16,12,5,12,10,3,1,2
133,vt25_Noppo,2020/06/29,2,"17 HA + AV",1,,,,,,,2,1,,3,4,4,6,2,3,2,,1,,,1,1,
133,vt25_Noppo,2020/06/30,1,"11 HA-PA",27,15,6,5,11,36,146,225,199,253,276,309,319,332,406,649,622,437,328,236,193,142,115,44
133,vt25_Noppo,2020/06/30,1,"12 KAIP",2,1,,,5,3,9,15,10,19,16,15,16,12,12,16,13,4,6,4,4,3,1,1
133,vt25_Noppo,2020/06/30,1,"13 Linja-autot",,,,,,,,,,,,1,,1,2,,,,,,,,,
133,vt25_Noppo,2020/06/30,1,"14 KAPP",1,2,1,,1,2,3,8,10,14,10,7,7,13,8,15,7,1,3,4,3,2,,1
133,vt25_Noppo,2020/06/30,1,"15 KATP",1,3,,2,5,3,11,15,16,16,11,19,21,9,13,17,13,8,7,7,4,6,2,1
133,vt25_Noppo,2020/06/30,1,"16 HA + PK",2,,,,,1,3,6,3,6,7,6,5,9,5,13,6,8,8,2,4,4,5,1
133,vt25_Noppo,2020/06/30,1,"17 HA + AV",,,,,,,1,2,3,1,3,4,3,2,2,1,3,1,1,1,,1,,
133,vt25_Noppo,2020/06/30,2,"11 HA-PA",30,15,3,9,41,225,458,378,276,228,223,267,294,345,366,430,409,366,259,237,153,127,73,38
133,vt25_Noppo,2020/06/30,2,"12 KAIP",1,,,2,3,15,7,13,14,12,16,21,16,13,9,11,11,3,6,7,5,3,4,
133,vt25_Noppo,2020/06/30,2,"13 Linja-autot",,,,,,,,1,,1,1,,2,,1,2,1,,,,,,,
133,vt25_Noppo,2020/06/30,2,"14 KAPP",,,,2,1,6,4,10,6,12,7,7,7,11,12,13,4,6,4,3,2,2,2,
133,vt25_Noppo,2020/06/30,2,"15 KATP",4,3,1,1,10,11,9,11,21,16,14,7,18,18,11,21,9,5,5,4,4,1,3,1
133,vt25_Noppo,2020/06/30,2,"16 HA + PK",,,,1,,,2,3,6,1,7,12,6,6,21,13,12,9,6,7,3,5,,1
133,vt25_Noppo,2020/06/30,2,"17 HA + AV",,,,,,,3,,2,2,,1,3,,2,1,3,2,1,,,1,,2
