"Mittauspiste Sijainti Päivä Suuntakoodi Ajoneuvoluokka",,,,,KLO_00-01,KLO_01-02,KLO_02-03,KLO_03-04,KLO_04-05,KLO_05-06,KLO_06-07,KLO_07-08,KLO_08-09,KLO_09-10,KLO_10-11,KLO_11-12,KLO_12-13,KLO_13-14,KLO_14-15,KLO_15-16,KLO_16-17,KLO_17-18,KLO_18-19,KLO_19-20,KLO_20-21,KLO_21-22,KLO_22-23,KLO_23-00
1421,vt21_Kolari,2020/03/01,1,"11 HA-PA",4,4,2,2,2,3,14,7,11,25,28,41,53,63,93,81,110,88,53,52,41,25,11,9
1421,vt21_Kolari,2020/03/01,1,"12 KAIP",,,,,,,,,2,1,2,,,2,1,2,1,2,3,1,2,1,,
1421,vt21_Kolari,2020/03/01,1,"13 Linja-autot",,,,,,,,,,,2,,2,,1,,3,,1,2,,,,
1421,vt21_Kolari,2020/03/01,1,"14 KAPP",,,,,2,1,1,4,3,2,1,2,,1,3,6,4,4,1,2,1,3,,1
1421,vt21_Kolari,2020/03/01,1,"15 KATP",,,,,,,,1,1,1,1,2,1,3,1,2,3,,,,,1,1,
1421,vt21_Kolari,2020/03/01,1,"16 HA + PK",2,,,,,,1,,,3,2,3,3,5,8,12,8,12,3,4,2,2,1,
1421,vt21_Kolari,2020/03/01,1,"17 HA + AV",,,,,,,,,,1,1,5,1,1,,4,2,2,,1,,1,,
1421,vt21_Kolari,2020/03/01,2,"11 HA-PA",3,2,2,3,4,7,16,20,37,57,75,67,55,68,50,80,47,51,32,23,16,11,6,
1421,vt21_Kolari,2020/03/01,2,"12 KAIP",1,,,,,,,,,,2,3,1,,,2,1,2,1,,,,,
1421,vt21_Kolari,2020/03/01,2,"13 Linja-autot",1,,,1,,,,,,,,,1,,,2,1,,,,,,,1
1421,vt21_Kolari,2020/03/01,2,"14 KAPP",1,,,,2,1,,1,,,1,1,,,1,2,,2,,,2,,,
1421,vt21_Kolari,2020/03/01,2,"15 KATP",,,1,1,,,,,1,,,,,,,,,1,1,,,,1,
1421,vt21_Kolari,2020/03/01,2,"16 HA + PK",,,,,,,3,,7,7,9,9,8,4,5,,2,1,7,1,1,1,,
1421,vt21_Kolari,2020/03/01,2,"17 HA + AV",,,,,1,,,,1,4,1,2,,2,,,1,,,,,,,
1421,vt21_Kolari,2020/03/02,1,"11 HA-PA",2,1,2,3,9,9,35,33,36,49,40,52,72,52,77,85,66,52,52,36,26,9,9,7
1421,vt21_Kolari,2020/03/02,1,"12 KAIP",1,,,,1,1,1,2,2,1,,1,4,5,,,2,2,1,1,,1,1,
1421,vt21_Kolari,2020/03/02,1,"13 Linja-autot",,,,,,,,1,,,,1,1,2,2,,1,2,,,,,,
1421,vt21_Kolari,2020/03/02,1,"14 KAPP",1,,1,2,,1,3,,1,1,1,1,2,2,1,1,1,2,1,,,2,2,1
1421,vt21_Kolari,2020/03/02,1,"15 KATP",,,,1,,1,,1,3,1,5,2,1,2,,4,1,2,2,2,1,,,
1421,vt21_Kolari,2020/03/02,1,"16 HA + PK",,,,,,,1,3,1,1,,2,4,2,6,8,3,6,4,,1,,3,
1421,vt21_Kolari,2020/03/02,1,"17 HA + AV",,,1,,,,,1,1,,,1,1,1,,,2,2,,2,,,,
1421,vt21_Kolari,2020/03/02,2,"11 HA-PA",3,3,,2,4,13,12,14,28,33,44,45,63,47,45,51,49,48,30,32,18,6,6,1
1421,vt21_Kolari,2020/03/02,2,"12 KAIP",,,,1,,,,,,,1,2,2,3,4,2,,1,,2,,,1,1
1421,vt21_Kolari,2020/03/02,2,"13 Linja-autot",,,,,1,,,,,,1,,1,1,,,2,1,,,,,,
1421,vt21_Kolari,2020/03/02,2,"14 KAPP",,,,,,,,2,,1,3,,1,2,3,1,1,2,3,,2,4,1,2
1421,vt21_Kolari,2020/03/02,2,"15 KATP",,,,,,,,,1,1,,2,3,1,2,1,2,2,3,,,3,,
1421,vt21_Kolari,2020/03/02,2,"16 HA + PK",,,,,,,1,1,3,1,1,4,3,1,3,2,1,2,1,,1,,,
1421,vt21_Kolari,2020/03/02,2,"17 HA + AV",,,,,,,,,,,1,,,,,,1,1,,,,,,
1421,vt21_Kolari,2020/03/03,1,"11 HA-PA",5,2,,4,6,2,27,37,22,36,44,55,53,46,48,51,58,58,45,29,37,25,5,4
1421,vt21_Kolari,2020/03/03,1,"12 KAIP",,,,,,1,1,,2,,3,3,2,2,3,1,1,2,3,,,3,1,
1421,vt21_Kolari,2020/03/03,1,"13 Linja-autot",,,,,,,,1,,,,,2,4,3,,3,2,1,,1,,,
1421,vt21_Kolari,2020/03/03,1,"14 KAPP",,,,,,2,1,,1,2,,2,,,3,4,,,,1,3,2,2,1
1421,vt21_Kolari,2020/03/03,1,"15 KATP",,,1,,,3,2,,4,1,1,3,,3,2,2,2,1,,,,1,1,1
1421,vt21_Kolari,2020/03/03,1,"16 HA + PK",,,,,1,,2,1,1,1,,3,2,3,2,3,5,1,1,4,2,1,1,1
1421,vt21_Kolari,2020/03/03,1,"17 HA + AV",,,,,,,1,1,,,,1,,1,,1,2,1,1,,1,1,,
1421,vt21_Kolari,2020/03/03,2,"11 HA-PA",6,1,,,10,4,13,17,27,36,35,57,49,47,54,77,60,60,50,26,21,10,6,2
1421,vt21_Kolari,2020/03/03,2,"12 KAIP",1,,,,,,1,,,1,2,1,2,2,2,1,1,2,2,1,,,,1
1421,vt21_Kolari,2020/03/03,2,"13 Linja-autot",,,,,1,,1,1,,,,1,,,,,,,,,,,,
1421,vt21_Kolari,2020/03/03,2,"14 KAPP",2,2,,1,1,2,2,1,2,1,1,1,1,3,4,,4,3,4,,1,,2,2
1421,vt21_Kolari,2020/03/03,2,"15 KATP",,,,,,,1,2,1,1,3,2,2,,8,3,1,4,1,,1,1,,1
1421,vt21_Kolari,2020/03/03,2,"16 HA + PK",,,,,,,1,2,,,,1,3,2,,2,1,3,4,,1,,,
1421,vt21_Kolari,2020/03/03,2,"17 HA + AV",2,,,,,,,,,,,1,1,,,,2,,1,,,,,
1421,vt21_Kolari,2020/03/04,1,"11 HA-PA",2,1,,1,7,9,25,30,34,44,53,64,52,59,74,65,58,66,72,39,25,26,11,6
1421,vt21_Kolari,2020/03/04,1,"12 KAIP",,,,,,1,,1,5,2,,1,,2,1,1,4,2,3,1,1,2,,
1421,vt21_Kolari,2020/03/04,1,"13 Linja-autot",,,,,,,,,,,1,,1,3,2,,1,1,,,,,,
1421,vt21_Kolari,2020/03/04,1,"14 KAPP",1,1,1,,1,1,,,2,1,2,2,1,3,1,,,,3,2,,,2,1
1421,vt21_Kolari,2020/03/04,1,"15 KATP",,,,1,,1,2,3,2,5,,2,1,1,,2,2,1,3,1,1,,,
1421,vt21_Kolari,2020/03/04,1,"16 HA + PK",1,1,,,,,2,2,1,4,1,3,1,4,4,2,1,4,7,7,,3,,1
1421,vt21_Kolari,2020/03/04,1,"17 HA + AV",,,,,,,,2,,1,2,,3,1,1,,1,1,1,,,,,
1421,vt21_Kolari,2020/03/04,2,"11 HA-PA",3,,1,2,5,10,14,21,26,36,62,83,96,87,80,84,78,65,49,45,27,17,4,2
1421,vt21_Kolari,2020/03/04,2,"12 KAIP",,,,1,,,,,3,2,1,3,1,1,1,4,,2,,2,,,,
1421,vt21_Kolari,2020/03/04,2,"13 Linja-autot",,,,,1,,1,,,,,,1,3,,,,1,,,,,,
1421,vt21_Kolari,2020/03/04,2,"14 KAPP",2,,,,1,,2,,5,2,2,1,3,,2,2,2,2,,5,,2,,1
1421,vt21_Kolari,2020/03/04,2,"15 KATP",,1,1,,,1,,,1,,5,2,3,,2,2,,4,1,3,,,,1
1421,vt21_Kolari,2020/03/04,2,"16 HA + PK",1,,1,,,,,1,1,1,6,6,4,7,6,2,3,3,1,1,,,,
1421,vt21_Kolari,2020/03/04,2,"17 HA + AV",,,,,,,,,,,,1,1,2,,1,,2,,,1,,,
1421,vt21_Kolari,2020/03/05,1,"11 HA-PA",5,3,,3,4,4,23,27,33,33,42,48,49,51,58,61,56,50,47,45,45,19,6,7
1421,vt21_Kolari,2020/03/05,1,"12 KAIP",,,,,,,1,1,1,1,1,3,1,1,2,1,1,,1,3,,,,
1421,vt21_Kolari,2020/03/05,1,"13 Linja-autot",,,,,,,,,,,2,1,2,1,1,1,,2,1,,1,,,
1421,vt21_Kolari,2020/03/05,1,"14 KAPP",1,1,1,,,1,,,,2,,2,2,1,,1,5,1,2,,1,2,,1
1421,vt21_Kolari,2020/03/05,1,"15 KATP",,,1,,1,2,1,2,5,3,3,2,2,3,4,2,3,1,,2,,,,
1421,vt21_Kolari,2020/03/05,1,"16 HA + PK",,,,,,,1,3,1,1,1,3,3,1,3,4,7,1,4,6,1,2,,
1421,vt21_Kolari,2020/03/05,1,"17 HA + AV",,,,,,,1,1,,1,,1,,,,2,1,,1,,,,,
1421,vt21_Kolari,2020/03/05,2,"11 HA-PA",7,1,1,1,9,4,11,17,24,39,66,88,90,92,62,75,60,51,39,32,21,16,9,5
1421,vt21_Kolari,2020/03/05,2,"12 KAIP",1,,,,,,,1,,2,3,,1,2,2,1,2,,,,1,,,
1421,vt21_Kolari,2020/03/05,2,"13 Linja-autot",1,,,,1,,,1,,1,,1,,2,,,,1,1,,,,,
1421,vt21_Kolari,2020/03/05,2,"14 KAPP",,1,2,,,1,1,1,,1,1,1,,1,,,2,4,,1,2,1,1,1
1421,vt21_Kolari,2020/03/05,2,"15 KATP",,,1,,,,,,1,5,2,1,2,1,3,5,2,1,3,1,,,,1
1421,vt21_Kolari,2020/03/05,2,"16 HA + PK",1,,,,,2,,,,1,3,3,5,6,3,3,2,2,2,1,1,,1,
1421,vt21_Kolari,2020/03/05,2,"17 HA + AV",,,,,,,,1,,,,,1,1,1,1,2,1,1,,,,,
1421,vt21_Kolari,2020/03/06,1,"11 HA-PA",2,3,3,1,3,9,21,25,30,36,48,60,54,57,43,54,65,86,55,43,34,23,25,12
1421,vt21_Kolari,2020/03/06,1,"12 KAIP",,,,,,,,1,1,2,4,3,2,,2,,2,,1,3,1,,,
1421,vt21_Kolari,2020/03/06,1,"13 Linja-autot",1,,,,,,,,,2,2,,4,2,1,,,2,1,,1,,,
1421,vt21_Kolari,2020/03/06,1,"14 KAPP",,2,1,,1,,2,,1,2,,,2,,2,,1,1,,,1,1,,
1421,vt21_Kolari,2020/03/06,1,"15 KATP",,1,,1,1,3,1,1,2,2,1,,4,2,,2,2,1,2,1,,1,,
1421,vt21_Kolari,2020/03/06,1,"16 HA + PK",,,1,1,,,,,2,,2,3,4,2,1,,5,1,3,4,7,1,,2
1421,vt21_Kolari,2020/03/06,1,"17 HA + AV",,,1,,1,,1,,,1,1,1,2,,,1,1,2,,2,,1,,
1421,vt21_Kolari,2020/03/06,2,"11 HA-PA",2,1,2,2,6,6,18,25,37,67,87,116,104,90,91,80,61,80,51,44,20,19,9,3
1421,vt21_Kolari,2020/03/06,2,"12 KAIP",,,,2,,,,,1,2,1,,2,3,3,3,4,,1,,1,,,1
1421,vt21_Kolari,2020/03/06,2,"13 Linja-autot",,,,,1,1,1,,,,1,1,,1,,,,2,,,,,,
1421,vt21_Kolari,2020/03/06,2,"14 KAPP",1,,,1,2,1,3,2,,3,3,,,2,1,1,1,1,1,1,4,2,2,1
1421,vt21_Kolari,2020/03/06,2,"15 KATP",,,1,1,,,3,1,,2,,2,2,3,2,3,2,1,,1,,2,2,
1421,vt21_Kolari,2020/03/06,2,"16 HA + PK",1,,,,,,,3,2,2,3,6,10,6,3,10,3,4,2,2,2,,1,
1421,vt21_Kolari,2020/03/06,2,"17 HA + AV",,,,1,,,,,,,,1,2,,3,3,2,1,,1,,1,,
1421,vt21_Kolari,2020/03/07,1,"11 HA-PA",7,2,3,,4,4,17,16,35,41,72,81,105,120,163,222,203,223,173,87,60,27,19,7
1421,vt21_Kolari,2020/03/07,1,"12 KAIP",1,,1,1,1,,1,1,1,1,5,1,2,,1,4,5,2,2,,1,,,
1421,vt21_Kolari,2020/03/07,1,"13 Linja-autot",,,,,,,,,1,1,,,2,7,2,6,3,6,3,1,3,2,1,
1421,vt21_Kolari,2020/03/07,1,"14 KAPP",,,,,,1,,1,1,,,1,1,3,1,1,,,1,,1,2,,
1421,vt21_Kolari,2020/03/07,1,"15 KATP",,,,,,1,2,1,2,,,1,3,1,2,1,2,,,1,1,,,
1421,vt21_Kolari,2020/03/07,1,"16 HA + PK",,1,,1,1,,,1,2,2,3,4,2,12,7,6,12,13,9,4,2,,1,1
1421,vt21_Kolari,2020/03/07,1,"17 HA + AV",,1,,1,,,1,1,1,1,,2,,,4,1,1,1,3,2,,2,,
1421,vt21_Kolari,2020/03/07,2,"11 HA-PA",3,4,,5,8,22,39,70,145,221,287,289,193,112,107,86,58,77,60,47,22,12,12,1
1421,vt21_Kolari,2020/03/07,2,"12 KAIP",,,,1,,,,,1,,3,2,2,1,1,1,2,1,1,,2,1,,
1421,vt21_Kolari,2020/03/07,2,"13 Linja-autot",,,,,,,,,,2,,2,,,1,,1,,1,,,,1,
1421,vt21_Kolari,2020/03/07,2,"14 KAPP",2,2,2,1,1,1,1,2,1,2,3,,1,2,3,,,1,2,1,,,,2
1421,vt21_Kolari,2020/03/07,2,"15 KATP",,,,,,1,,2,1,1,1,,,1,,,1,1,,,,,,
1421,vt21_Kolari,2020/03/07,2,"16 HA + PK",,,1,,,1,2,2,4,6,24,38,28,15,12,10,4,8,6,4,1,3,,
1421,vt21_Kolari,2020/03/07,2,"17 HA + AV",,,,,1,1,,1,2,2,4,4,8,3,1,,2,1,1,1,1,,,
1421,vt21_Kolari,2020/03/08,1,"11 HA-PA",6,3,3,4,4,6,10,5,16,20,23,28,36,48,65,48,66,65,42,50,21,17,8,8
1421,vt21_Kolari,2020/03/08,1,"12 KAIP",,,,,,,,,1,,2,,,,,,1,1,,5,,1,,
1421,vt21_Kolari,2020/03/08,1,"13 Linja-autot",,,,,,,,,1,,4,,2,1,4,1,,1,3,1,1,,,
1421,vt21_Kolari,2020/03/08,1,"14 KAPP",,1,,,1,1,,,2,4,,2,1,1,3,2,2,3,,1,5,1,1,
1421,vt21_Kolari,2020/03/08,1,"15 KATP",,,,,1,,,,1,1,2,1,1,2,1,2,1,1,,,,,,
1421,vt21_Kolari,2020/03/08,1,"16 HA + PK",,,,,,1,,,,,,2,3,5,1,1,5,4,3,2,1,,,
1421,vt21_Kolari,2020/03/08,1,"17 HA + AV",,,,,,,,,,,1,,,1,,1,,2,,,,,,
1421,vt21_Kolari,2020/03/08,2,"11 HA-PA",2,4,1,4,5,2,9,17,36,60,97,123,146,109,88,104,78,59,39,24,24,7,3,3
1421,vt21_Kolari,2020/03/08,2,"12 KAIP",,,,1,,,1,,,2,1,2,3,1,2,,,4,,,1,,1,
1421,vt21_Kolari,2020/03/08,2,"13 Linja-autot",,1,,,,,1,,,,,,,,,1,1,,,,,,,1
1421,vt21_Kolari,2020/03/08,2,"14 KAPP",,,,,,,,1,,,,,1,,4,1,2,1,,,,,1,
1421,vt21_Kolari,2020/03/08,2,"15 KATP",1,,,,,,1,,,1,1,,,1,,,,2,,,,,,
1421,vt21_Kolari,2020/03/08,2,"16 HA + PK",,,,,1,,,,,1,8,8,21,13,13,14,2,3,1,1,2,,,
1421,vt21_Kolari,2020/03/08,2,"17 HA + AV",,,,,,,,1,,2,1,2,2,3,4,3,2,2,,,,,,
1421,vt21_Kolari,2020/03/09,1,"11 HA-PA",1,3,4,2,6,9,35,36,39,39,20,38,41,47,39,51,47,36,30,29,16,12,5,5
1421,vt21_Kolari,2020/03/09,1,"12 KAIP",,,,1,,1,2,,2,2,1,2,2,,2,,3,,2,2,1,,,
1421,vt21_Kolari,2020/03/09,1,"13 Linja-autot",,1,,,,1,2,,,,2,,2,2,1,4,,3,1,1,1,,,
1421,vt21_Kolari,2020/03/09,1,"14 KAPP",,,1,,,1,2,2,,3,1,2,,3,1,,1,,,3,,1,1,1
1421,vt21_Kolari,2020/03/09,1,"15 KATP",,,,,2,4,,3,,2,3,5,,,1,3,1,2,1,1,1,1,,
1421,vt21_Kolari,2020/03/09,1,"16 HA + PK",1,,,,,,,2,2,,1,1,,3,2,4,2,1,1,1,,1,,
1421,vt21_Kolari,2020/03/09,1,"17 HA + AV",,,,,1,,,2,,,,1,,,,,2,,1,,,1,,
1421,vt21_Kolari,2020/03/09,2,"11 HA-PA",2,,2,2,6,9,9,22,31,34,43,38,42,43,38,50,42,29,23,24,18,6,9,3
1421,vt21_Kolari,2020/03/09,2,"12 KAIP",,,1,,,,,,2,1,,,4,1,3,7,1,2,,,,,,
1421,vt21_Kolari,2020/03/09,2,"13 Linja-autot",,1,,,1,,,,,1,,1,,1,,,,1,,,,,,
1421,vt21_Kolari,2020/03/09,2,"14 KAPP",,,,,1,,1,2,,,1,,1,3,,2,3,4,2,,2,1,1,
1421,vt21_Kolari,2020/03/09,2,"15 KATP",,,2,,,2,,,,,,1,3,2,3,,2,,,2,,2,,1
1421,vt21_Kolari,2020/03/09,2,"16 HA + PK",,,,,,,,1,1,,2,2,2,1,1,1,3,2,1,,,,,
1421,vt21_Kolari,2020/03/09,2,"17 HA + AV",,,1,,,,,1,,,,1,2,1,,,,,,,,,,
1421,vt21_Kolari,2020/03/10,1,"11 HA-PA",2,,1,,5,12,29,40,39,29,34,45,21,44,31,33,44,41,40,47,15,17,7,1
1421,vt21_Kolari,2020/03/10,1,"12 KAIP",,,,,1,,1,1,4,1,5,,2,,1,,1,1,,,,1,,
1421,vt21_Kolari,2020/03/10,1,"13 Linja-autot",,,,,,,,1,,,,,,1,,1,1,3,1,1,1,,,
1421,vt21_Kolari,2020/03/10,1,"14 KAPP",,1,,,1,1,2,,1,,2,1,2,2,1,2,1,,,1,1,,4,2
1421,vt21_Kolari,2020/03/10,1,"15 KATP",1,,,1,,,4,2,4,2,2,1,1,1,3,2,1,3,1,,,,,
1421,vt21_Kolari,2020/03/10,1,"16 HA + PK",,,,,,,,1,,3,3,2,2,3,4,2,1,,2,1,3,2,1,1
1421,vt21_Kolari,2020/03/10,1,"17 HA + AV",,,,,,,,,2,,1,,,,,,,1,,1,1,1,1,
1421,vt21_Kolari,2020/03/10,2,"11 HA-PA",1,2,2,1,6,8,18,24,29,32,38,38,40,37,40,72,38,52,31,21,14,14,5,3
1421,vt21_Kolari,2020/03/10,2,"12 KAIP",,,,1,,,1,,1,2,,,4,1,2,1,,,,,,,,
1421,vt21_Kolari,2020/03/10,2,"13 Linja-autot",,1,,,1,,,,1,,2,,,,,1,,1,,,1,,,
1421,vt21_Kolari,2020/03/10,2,"14 KAPP",3,,2,1,1,1,1,2,3,,2,4,2,1,1,,2,3,1,2,1,1,2,
1421,vt21_Kolari,2020/03/10,2,"15 KATP",,,,1,,,,1,2,1,2,,,3,2,1,1,2,2,1,,2,,
1421,vt21_Kolari,2020/03/10,2,"16 HA + PK",,,,,,,2,,3,,2,2,1,1,,2,3,3,1,1,1,,,
1421,vt21_Kolari,2020/03/10,2,"17 HA + AV",,,,,,,1,,,,,,,,,1,,,,1,,,,
1421,vt21_Kolari,2020/03/11,1,"11 HA-PA",,2,2,2,4,2,32,38,40,26,27,39,36,39,39,35,38,29,35,25,20,17,7,5
1421,vt21_Kolari,2020/03/11,1,"12 KAIP",,,,1,,,1,1,3,5,,,1,2,4,,1,,,2,1,1,,
1421,vt21_Kolari,2020/03/11,1,"13 Linja-autot",,,,,,,,,1,,1,,1,,2,,3,1,,,,,,1
1421,vt21_Kolari,2020/03/11,1,"14 KAPP",1,1,,1,,1,1,,1,1,2,2,1,4,2,4,1,,3,1,1,1,1,1
1421,vt21_Kolari,2020/03/11,1,"15 KATP",,,,,2,,1,1,2,3,2,,4,2,2,4,2,1,,,,1,1,
1421,vt21_Kolari,2020/03/11,1,"16 HA + PK",,,,,,,,2,1,,,3,4,1,2,,2,4,3,1,2,,2,1
1421,vt21_Kolari,2020/03/11,1,"17 HA + AV",,,,,,,,1,,1,,2,,2,,3,,2,1,,,,,2
1421,vt21_Kolari,2020/03/11,2,"11 HA-PA",1,1,2,1,4,10,14,16,24,26,35,49,34,44,42,60,60,33,17,25,17,12,10,4
1421,vt21_Kolari,2020/03/11,2,"12 KAIP",,,,,,,,,1,,2,1,1,3,2,1,1,2,,2,,,,
1421,vt21_Kolari,2020/03/11,2,"13 Linja-autot",,,,,1,,,,,1,,1,,1,,,1,1,1,1,,,,
1421,vt21_Kolari,2020/03/11,2,"14 KAPP",2,3,1,,,,,3,1,5,1,1,1,2,1,,1,1,,1,1,2,2,1
1421,vt21_Kolari,2020/03/11,2,"15 KATP",3,,,1,,2,1,,,1,1,,2,,1,,4,1,4,2,,,,1
1421,vt21_Kolari,2020/03/11,2,"16 HA + PK",,,,,1,,2,,,,2,1,1,1,1,2,2,1,,1,2,,,
1421,vt21_Kolari,2020/03/11,2,"17 HA + AV",,,,,,,1,,1,1,,,,,1,1,1,1,1,,,,,
1421,vt21_Kolari,2020/03/12,1,"11 HA-PA",4,,1,,2,6,34,30,34,31,21,46,49,50,62,38,52,42,30,32,36,14,10,11
1421,vt21_Kolari,2020/03/12,1,"12 KAIP",1,,,,,,2,1,,2,,,7,1,1,2,1,1,1,1,1,,,
1421,vt21_Kolari,2020/03/12,1,"13 Linja-autot",,,,,,,,,1,,1,,,1,1,,1,1,,1,1,,1,
1421,vt21_Kolari,2020/03/12,1,"14 KAPP",,1,1,,1,1,2,2,1,1,1,3,1,3,2,,1,3,2,,3,4,1,
1421,vt21_Kolari,2020/03/12,1,"15 KATP",1,,,1,,2,1,4,5,2,3,,2,2,2,1,2,,,,1,,,
1421,vt21_Kolari,2020/03/12,1,"16 HA + PK",,,1,1,,,,1,,3,2,2,1,3,5,3,1,6,1,2,1,,,2
1421,vt21_Kolari,2020/03/12,1,"17 HA + AV",,,,,,,,1,1,,1,,2,,1,,1,2,,,1,1,1,
1421,vt21_Kolari,2020/03/12,2,"11 HA-PA",2,1,1,2,3,7,11,27,36,33,49,49,45,57,57,71,39,45,28,25,18,8,8,1
1421,vt21_Kolari,2020/03/12,2,"12 KAIP",1,,,1,1,,,1,,2,,2,2,3,1,4,1,1,,1,,,,1
1421,vt21_Kolari,2020/03/12,2,"13 Linja-autot",,,,,,,,,,,,,,1,,1,1,2,,,,,,
1421,vt21_Kolari,2020/03/12,2,"14 KAPP",1,1,1,1,1,,3,3,3,,2,1,1,,1,3,1,2,,,3,1,1,
1421,vt21_Kolari,2020/03/12,2,"15 KATP",,1,,1,2,1,,,,1,,,3,1,1,2,4,2,1,,1,1,,
1421,vt21_Kolari,2020/03/12,2,"16 HA + PK",,,,,,,,1,,,4,1,3,1,1,,1,1,2,2,,,,
1421,vt21_Kolari,2020/03/12,2,"17 HA + AV",,,,,,,,,,,1,2,2,1,,,2,1,,,1,1,,
1421,vt21_Kolari,2020/03/13,1,"11 HA-PA",4,2,4,2,5,8,29,30,24,27,40,37,46,45,65,70,55,77,73,56,38,32,24,11
1421,vt21_Kolari,2020/03/13,1,"12 KAIP",,1,,,,1,,3,2,1,1,1,,2,1,2,1,1,,2,2,,1,1
1421,vt21_Kolari,2020/03/13,1,"13 Linja-autot",,,,,,,,,3,,1,1,2,,2,1,1,1,,1,1,1,,
1421,vt21_Kolari,2020/03/13,1,"14 KAPP",2,,1,,1,,1,,1,,,,,1,1,3,2,1,2,,,1,,
1421,vt21_Kolari,2020/03/13,1,"15 KATP",,,,,,4,2,1,,2,1,1,,1,1,1,,1,,,,1,,
1421,vt21_Kolari,2020/03/13,1,"16 HA + PK",,,,,,,,1,3,,,1,3,2,7,2,2,7,7,6,5,4,2,
1421,vt21_Kolari,2020/03/13,1,"17 HA + AV",,,,,,,,,,,1,1,,1,1,1,1,2,2,1,1,,,
1421,vt21_Kolari,2020/03/13,2,"11 HA-PA",2,1,2,2,3,13,22,39,45,57,73,86,67,60,63,69,59,44,36,18,15,14,9,5
1421,vt21_Kolari,2020/03/13,2,"12 KAIP",1,,,,,,,3,1,1,1,1,1,3,2,2,2,,2,,3,,,1
1421,vt21_Kolari,2020/03/13,2,"13 Linja-autot",,,,,1,,,,2,,2,,2,1,,,1,1,1,1,,,,
1421,vt21_Kolari,2020/03/13,2,"14 KAPP",1,,,,,,3,2,2,,1,1,5,2,1,2,,1,3,2,2,1,1,6
1421,vt21_Kolari,2020/03/13,2,"15 KATP",,,,2,,,,2,2,3,2,,5,1,2,3,2,2,,1,,,,
1421,vt21_Kolari,2020/03/13,2,"16 HA + PK",,,,,,,2,,2,2,,3,1,,1,5,3,4,1,,,1,1,1
1421,vt21_Kolari,2020/03/13,2,"17 HA + AV",,,,,,,,,,,,1,,1,1,,2,2,,,1,,,
1421,vt21_Kolari,2020/03/14,1,"11 HA-PA",5,6,6,2,7,6,13,15,31,45,69,94,118,174,189,256,316,245,153,111,61,44,13,8
1421,vt21_Kolari,2020/03/14,1,"12 KAIP",,,,,,1,,2,2,,2,2,2,2,,1,3,2,,1,1,,1,
1421,vt21_Kolari,2020/03/14,1,"13 Linja-autot",,,,,,,,1,3,,2,3,5,5,7,7,8,5,3,4,,,,
1421,vt21_Kolari,2020/03/14,1,"14 KAPP",,,,2,1,,1,1,2,2,1,1,5,1,,,3,1,1,3,,,2,1
1421,vt21_Kolari,2020/03/14,1,"15 KATP",,1,,,,,1,1,,,1,1,3,1,4,3,,2,,2,2,,,
1421,vt21_Kolari,2020/03/14,1,"16 HA + PK",3,,,,,,,,5,4,3,4,5,12,7,12,20,13,12,5,1,1,1,1
1421,vt21_Kolari,2020/03/14,1,"17 HA + AV",,,,1,,1,,1,,1,1,1,2,,5,3,1,3,2,1,3,,,
1421,vt21_Kolari,2020/03/14,2,"11 HA-PA",2,1,2,6,17,37,89,150,201,227,234,155,103,61,50,39,52,40,31,23,23,19,5,1
1421,vt21_Kolari,2020/03/14,2,"12 KAIP",,,,1,,,1,,2,2,2,2,2,,1,4,,,1,,,,,
1421,vt21_Kolari,2020/03/14,2,"13 Linja-autot",,,,,,,1,2,,2,,2,,,,,1,1,2,,,,1,
1421,vt21_Kolari,2020/03/14,2,"14 KAPP",1,,,2,,2,2,,5,5,5,,1,2,4,1,1,1,,,,,1,
1421,vt21_Kolari,2020/03/14,2,"15 KATP",,,,,,,,1,2,,1,,1,,2,,,1,,1,,,,
1421,vt21_Kolari,2020/03/14,2,"16 HA + PK",1,,,,,1,2,5,10,17,15,4,7,6,2,5,5,1,1,3,,2,,
1421,vt21_Kolari,2020/03/14,2,"17 HA + AV",,2,,,,1,,2,1,,2,1,2,5,1,1,1,,,,1,1,,
1421,vt21_Kolari,2020/03/15,1,"11 HA-PA",6,,5,1,2,3,8,3,11,11,29,33,49,58,52,80,68,58,42,34,24,17,6,9
1421,vt21_Kolari,2020/03/15,1,"12 KAIP",,,,,,,,,,1,1,1,,,2,1,,,2,,,,,
1421,vt21_Kolari,2020/03/15,1,"13 Linja-autot",,,,,,,,,1,1,1,1,1,1,3,2,1,,,,,,,
1421,vt21_Kolari,2020/03/15,1,"14 KAPP",1,1,,,1,3,,,2,3,2,2,,3,4,2,3,3,5,3,,,1,1
1421,vt21_Kolari,2020/03/15,1,"15 KATP",1,,,1,,,,1,,,1,,1,3,1,2,,2,3,1,,1,1,1
1421,vt21_Kolari,2020/03/15,1,"16 HA + PK",,,,,,,,,,2,,3,1,3,3,9,,1,1,,1,2,,
1421,vt21_Kolari,2020/03/15,1,"17 HA + AV",,,,,,,,,,1,,,,,,2,,2,,,,,,
1421,vt21_Kolari,2020/03/15,2,"11 HA-PA",3,2,3,1,4,5,9,17,31,54,81,61,69,62,59,68,51,50,38,26,13,6,6,3
1421,vt21_Kolari,2020/03/15,2,"12 KAIP",,,,,,,,,1,,1,1,3,,2,,,,1,,1,,1,
1421,vt21_Kolari,2020/03/15,2,"13 Linja-autot",1,,,,,,,,1,,,,,,,1,2,1,,,2,,,
1421,vt21_Kolari,2020/03/15,2,"14 KAPP",2,,,,,1,1,,1,,1,1,,1,,,2,,2,,,1,,
1421,vt21_Kolari,2020/03/15,2,"15 KATP",,,,,,,,,,,,,,,,,,,,,,1,1,
1421,vt21_Kolari,2020/03/15,2,"16 HA + PK",,,,,,,1,2,4,2,5,4,2,5,3,1,3,3,5,,,,,
1421,vt21_Kolari,2020/03/15,2,"17 HA + AV",,,,,,,,,1,,3,3,1,,2,1,1,,,,,,,
1421,vt21_Kolari,2020/03/16,1,"11 HA-PA",4,1,5,4,8,7,37,24,43,23,24,40,42,46,42,45,47,42,34,23,13,11,6,4
1421,vt21_Kolari,2020/03/16,1,"12 KAIP",,,,,1,1,2,1,1,2,,2,4,1,2,2,,2,2,,1,,,
1421,vt21_Kolari,2020/03/16,1,"13 Linja-autot",1,,,,,,,1,,1,3,2,1,1,2,2,1,1,2,2,1,1,,
1421,vt21_Kolari,2020/03/16,1,"14 KAPP",,,,,,2,2,2,1,,5,,1,4,2,1,,4,2,1,,,2,
1421,vt21_Kolari,2020/03/16,1,"15 KATP",1,,,1,,5,1,,3,2,2,1,3,,2,3,3,2,1,1,1,1,,
1421,vt21_Kolari,2020/03/16,1,"16 HA + PK",,,,,,,,5,1,2,3,1,1,1,5,3,1,1,2,,1,,,1
1421,vt21_Kolari,2020/03/16,1,"17 HA + AV",,,,,,,1,,,,,2,1,1,,,,,,1,,,1,
1421,vt21_Kolari,2020/03/16,2,"11 HA-PA",3,1,,1,5,5,12,20,28,44,34,28,38,58,35,48,50,31,28,28,12,16,6,1
1421,vt21_Kolari,2020/03/16,2,"12 KAIP",,,1,,1,,,1,1,2,2,1,1,3,1,3,,1,,,,,1,
1421,vt21_Kolari,2020/03/16,2,"13 Linja-autot",,,,,,,,1,,,,2,,1,,1,,3,,,,,1,
1421,vt21_Kolari,2020/03/16,2,"14 KAPP",1,,,,1,1,2,,,2,1,,4,4,1,,1,,2,1,1,3,1,
1421,vt21_Kolari,2020/03/16,2,"15 KATP",,1,,,1,1,2,,2,,2,1,2,1,,1,1,1,2,,1,,1,1
1421,vt21_Kolari,2020/03/16,2,"16 HA + PK",,,,1,1,,1,,2,1,4,3,1,3,3,1,2,1,,,,,,
1421,vt21_Kolari,2020/03/16,2,"17 HA + AV",,,,1,,,,,,,,,,1,,,1,,,,,,,
1421,vt21_Kolari,2020/03/17,1,"11 HA-PA",6,3,,1,4,10,31,27,34,37,32,49,37,30,33,43,40,37,30,22,12,17,12,5
1421,vt21_Kolari,2020/03/17,1,"12 KAIP",,,,,,,4,1,3,2,1,1,1,,1,3,,,1,,2,1,2,1
1421,vt21_Kolari,2020/03/17,1,"13 Linja-autot",,,,,,,,,2,,2,,,1,,1,3,2,2,,,,,
1421,vt21_Kolari,2020/03/17,1,"14 KAPP",,,,,,,,,,1,1,2,3,1,,1,3,3,3,1,2,3,,1
1421,vt21_Kolari,2020/03/17,1,"15 KATP",,1,,,1,1,3,4,1,5,4,1,2,3,2,2,3,2,1,,,,1,
1421,vt21_Kolari,2020/03/17,1,"16 HA + PK",,,,,,,,2,1,2,2,2,2,,3,,2,2,1,,3,,,
1421,vt21_Kolari,2020/03/17,1,"17 HA + AV",,,,,,,,2,1,,2,,,,1,2,1,,,1,1,,,1
1421,vt21_Kolari,2020/03/17,2,"11 HA-PA",3,1,1,,5,11,14,23,28,38,40,53,51,57,45,56,51,35,29,13,21,10,5,2
1421,vt21_Kolari,2020/03/17,2,"12 KAIP",,,,,,,,,1,,1,2,,2,1,1,,,2,,2,,,
1421,vt21_Kolari,2020/03/17,2,"13 Linja-autot",,,,,1,,1,,,,,,,1,,1,,1,,2,,,,
1421,vt21_Kolari,2020/03/17,2,"14 KAPP",,1,1,,,,,1,3,3,1,,2,1,2,2,3,2,6,2,,3,1,3
1421,vt21_Kolari,2020/03/17,2,"15 KATP",1,,2,,1,1,1,1,,1,2,1,2,3,4,2,4,1,1,1,1,,,1
1421,vt21_Kolari,2020/03/17,2,"16 HA + PK",,,,1,,,,,1,1,1,2,3,3,2,1,1,1,,,,,,
1421,vt21_Kolari,2020/03/17,2,"17 HA + AV",,,,,,,,1,,,,,,1,,1,,,1,,1,2,,
1421,vt21_Kolari,2020/03/18,1,"11 HA-PA",4,2,3,3,6,12,30,25,27,30,24,29,33,30,28,44,44,40,33,30,16,17,15,8
1421,vt21_Kolari,2020/03/18,1,"12 KAIP",,,,,,,,,2,1,,2,1,2,2,,1,2,2,,1,,,
1421,vt21_Kolari,2020/03/18,1,"13 Linja-autot",,,,,,,1,,1,,4,3,5,2,4,3,1,1,3,1,1,1,1,1
1421,vt21_Kolari,2020/03/18,1,"14 KAPP",,,1,,,1,1,,2,,2,,,4,1,2,4,1,2,1,,2,,3
1421,vt21_Kolari,2020/03/18,1,"15 KATP",1,,1,,1,,2,2,3,2,2,3,4,4,3,1,4,2,2,1,3,1,,
1421,vt21_Kolari,2020/03/18,1,"16 HA + PK",,,1,,,,1,,,2,,,3,2,5,3,5,4,2,4,1,,2,1
1421,vt21_Kolari,2020/03/18,1,"17 HA + AV",,,1,,,,2,,,,,,,2,,1,,,1,1,1,4,,1
1421,vt21_Kolari,2020/03/18,2,"11 HA-PA",4,2,,2,3,6,11,24,33,30,32,53,48,45,38,60,33,32,21,17,11,11,5,4
1421,vt21_Kolari,2020/03/18,2,"12 KAIP",,,,1,1,,,,1,,,2,,1,3,,,,,,2,,,
1421,vt21_Kolari,2020/03/18,2,"13 Linja-autot",,,,,1,,,,,,1,,,1,,,,1,,,,,,
1421,vt21_Kolari,2020/03/18,2,"14 KAPP",2,,,,2,1,1,3,2,1,1,1,2,,2,1,3,6,3,1,2,3,2,4
1421,vt21_Kolari,2020/03/18,2,"15 KATP",,1,,2,,2,,,1,1,,2,5,2,1,1,2,1,4,2,,2,2,
1421,vt21_Kolari,2020/03/18,2,"16 HA + PK",,,,,,,,2,1,,6,4,,1,2,,2,2,,2,,,1,
1421,vt21_Kolari,2020/03/18,2,"17 HA + AV",,,,,,,,,,,2,,,1,,2,,,,,,1,1,1
1421,vt21_Kolari,2020/03/19,1,"11 HA-PA",5,1,2,2,4,7,27,26,28,34,21,19,40,33,28,37,42,35,37,31,29,18,6,10
1421,vt21_Kolari,2020/03/19,1,"12 KAIP",,,,,,,1,1,3,1,2,,3,,2,1,,1,,1,,1,,
1421,vt21_Kolari,2020/03/19,1,"13 Linja-autot",,,,,,,1,,1,2,,3,,2,2,1,1,2,1,,,1,,
1421,vt21_Kolari,2020/03/19,1,"14 KAPP",1,,,,,,1,,2,1,3,1,,,2,2,2,2,2,,3,,2,2
1421,vt21_Kolari,2020/03/19,1,"15 KATP",,,,1,1,2,3,1,4,1,4,2,1,3,1,3,1,1,2,4,1,1,,2
1421,vt21_Kolari,2020/03/19,1,"16 HA + PK",,,,,,,1,,,2,4,,2,4,2,1,3,3,3,3,1,2,1,1
1421,vt21_Kolari,2020/03/19,1,"17 HA + AV",,,1,,,1,,1,,,,,,,,2,1,1,1,,1,,2,1
1421,vt21_Kolari,2020/03/19,2,"11 HA-PA",1,1,2,3,5,8,12,21,31,48,47,54,49,49,44,47,51,35,19,13,17,10,6,1
1421,vt21_Kolari,2020/03/19,2,"12 KAIP",,,,,1,,1,,1,1,1,2,2,,3,2,,1,1,1,,,,
1421,vt21_Kolari,2020/03/19,2,"13 Linja-autot",,,,,1,,,,,1,,1,,,,,1,,2,1,,,,
1421,vt21_Kolari,2020/03/19,2,"14 KAPP",1,,,1,,1,2,2,1,1,,2,1,4,,,2,1,5,2,,2,1,2
1421,vt21_Kolari,2020/03/19,2,"15 KATP",,2,1,,,,2,,1,2,3,2,,2,6,3,4,1,3,1,1,1,1,
1421,vt21_Kolari,2020/03/19,2,"16 HA + PK",,,,,,,1,1,1,3,2,1,5,1,2,2,3,6,1,,1,1,,1
1421,vt21_Kolari,2020/03/19,2,"17 HA + AV",,,,,,,,,,1,,3,,,,2,1,1,1,,,,,
1421,vt21_Kolari,2020/03/20,1,"11 HA-PA",2,3,3,3,4,2,28,24,22,22,25,25,38,27,48,41,79,54,54,47,31,21,12,10
1421,vt21_Kolari,2020/03/20,1,"12 KAIP",,,,,,,2,,6,1,,2,2,2,,,1,1,1,1,,,1,
1421,vt21_Kolari,2020/03/20,1,"13 Linja-autot",,,,,,1,,,,,1,3,2,4,1,1,8,4,3,1,,,,
1421,vt21_Kolari,2020/03/20,1,"14 KAPP",3,1,,2,,,,1,1,,3,,2,2,2,2,2,1,2,1,2,2,2,1
1421,vt21_Kolari,2020/03/20,1,"15 KATP",,,2,,2,3,4,1,2,2,3,,2,1,3,1,1,,,,1,,1,
1421,vt21_Kolari,2020/03/20,1,"16 HA + PK",,,,,,,,1,3,5,2,,1,5,2,2,2,5,11,4,4,,2,
1421,vt21_Kolari,2020/03/20,1,"17 HA + AV",,,,,,1,,,2,1,,1,1,1,,1,2,1,,2,,2,,
1421,vt21_Kolari,2020/03/20,2,"11 HA-PA",1,1,1,,4,11,17,49,62,79,73,68,43,32,51,49,51,41,28,16,17,16,7,1
1421,vt21_Kolari,2020/03/20,2,"12 KAIP",,,,2,,,,,3,2,,2,,2,2,2,,,3,,,,,
1421,vt21_Kolari,2020/03/20,2,"13 Linja-autot",,,,,2,,,,,,1,,,,1,,1,1,1,,,,,
1421,vt21_Kolari,2020/03/20,2,"14 KAPP",1,,1,,1,1,2,2,3,2,2,2,,,1,,2,1,4,,2,3,1,1
1421,vt21_Kolari,2020/03/20,2,"15 KATP",1,1,,2,1,,2,2,,3,1,1,2,4,,3,4,,1,1,1,,,
1421,vt21_Kolari,2020/03/20,2,"16 HA + PK",,,,,,,1,1,3,3,5,1,5,3,2,3,1,1,1,3,2,1,1,
1421,vt21_Kolari,2020/03/20,2,"17 HA + AV",,,,,,,1,,2,1,,1,1,1,,,,,,1,1,,,1
1421,vt21_Kolari,2020/03/21,1,"11 HA-PA",8,6,5,,4,3,12,12,23,31,40,70,98,121,178,190,194,168,109,61,48,17,11,9
1421,vt21_Kolari,2020/03/21,1,"12 KAIP",,,,,,,,2,3,3,2,,2,1,1,2,,,1,,,,1,
1421,vt21_Kolari,2020/03/21,1,"13 Linja-autot",,,,,,1,,1,3,2,1,2,6,13,5,8,8,6,5,1,,,,
1421,vt21_Kolari,2020/03/21,1,"14 KAPP",1,,,1,,,2,1,,,,1,1,2,,2,,,3,1,,,,
1421,vt21_Kolari,2020/03/21,1,"15 KATP",,,,,,,2,,1,1,,3,3,1,,1,4,3,3,1,2,1,,
1421,vt21_Kolari,2020/03/21,1,"16 HA + PK",1,,2,,,,3,,1,4,3,4,5,8,12,8,10,5,1,1,2,2,1,1
1421,vt21_Kolari,2020/03/21,1,"17 HA + AV",,,,,1,,,,,1,,2,1,,2,3,3,1,,,,,,1
1421,vt21_Kolari,2020/03/21,2,"11 HA-PA",2,3,2,2,19,53,103,198,257,277,251,176,103,73,50,43,35,28,27,12,10,20,5,
1421,vt21_Kolari,2020/03/21,2,"12 KAIP",,,,,,,1,2,1,2,1,1,6,1,1,1,,,,1,,,,
1421,vt21_Kolari,2020/03/21,2,"13 Linja-autot",,,,,,,1,2,6,1,1,3,,,,,,2,,,,,,
1421,vt21_Kolari,2020/03/21,2,"14 KAPP",1,1,1,3,1,1,1,3,2,4,1,1,4,2,1,1,2,1,,2,,,1,
1421,vt21_Kolari,2020/03/21,2,"15 KATP",,,,,,,,,,1,1,,1,1,,,,,1,1,,,,
1421,vt21_Kolari,2020/03/21,2,"16 HA + PK",,,,,,,3,8,6,10,14,6,10,1,4,4,2,1,,3,1,2,,
1421,vt21_Kolari,2020/03/21,2,"17 HA + AV",,,,,,,,,4,3,3,4,,1,1,,,,,,,,,
1421,vt21_Kolari,2020/03/22,1,"11 HA-PA",5,4,1,,2,2,8,4,14,13,14,27,37,39,39,43,45,39,26,35,16,9,6,3
1421,vt21_Kolari,2020/03/22,1,"12 KAIP",,,,,,,,,,,,1,,1,,,,1,2,,,1,,
1421,vt21_Kolari,2020/03/22,1,"13 Linja-autot",,,,,,,,,,,,,2,2,2,2,1,1,,,1,,,
1421,vt21_Kolari,2020/03/22,1,"14 KAPP",,,1,,1,1,,2,2,2,2,1,2,1,2,3,3,2,2,1,3,,1,
1421,vt21_Kolari,2020/03/22,1,"15 KATP",1,,,,,,,,,1,2,1,1,3,,3,1,3,,1,1,2,1,1
1421,vt21_Kolari,2020/03/22,1,"16 HA + PK",3,,,,,,,1,,,,2,1,2,5,4,2,7,1,1,3,2,,
1421,vt21_Kolari,2020/03/22,1,"17 HA + AV",,,,,,,,,1,,,1,3,1,,1,1,1,1,,,,,
1421,vt21_Kolari,2020/03/22,2,"11 HA-PA",1,2,,,2,7,9,28,58,35,53,60,67,59,49,52,44,30,27,15,15,7,2,2
1421,vt21_Kolari,2020/03/22,2,"12 KAIP",,,,1,,,,1,,1,,1,1,2,1,2,,1,,,,,,
1421,vt21_Kolari,2020/03/22,2,"13 Linja-autot",,,,,,,1,,,,,,,,1,1,,,,,,,,
1421,vt21_Kolari,2020/03/22,2,"14 KAPP",,,,,,,3,1,2,1,,,,,2,1,3,1,1,1,,,,
1421,vt21_Kolari,2020/03/22,2,"15 KATP",,,,1,,,,,,,,,1,1,,,,,1,,,1,,
1421,vt21_Kolari,2020/03/22,2,"16 HA + PK",,,,,,1,1,,1,3,2,3,5,6,6,2,2,2,5,2,,,,
1421,vt21_Kolari,2020/03/22,2,"17 HA + AV",,,,,,,,1,,,3,,1,1,,2,2,,1,2,,,,
1421,vt21_Kolari,2020/03/23,1,"11 HA-PA",2,3,1,6,4,5,38,31,32,28,19,27,30,20,34,23,27,31,26,16,8,10,4,1
1421,vt21_Kolari,2020/03/23,1,"12 KAIP",1,,,,,,1,3,2,3,3,2,2,1,1,1,1,2,3,,,,1,
1421,vt21_Kolari,2020/03/23,1,"13 Linja-autot",1,,,,,,,1,,3,3,1,1,,,1,1,2,3,1,1,,,1
1421,vt21_Kolari,2020/03/23,1,"14 KAPP",,3,,,,4,2,,1,2,1,1,2,1,2,1,1,3,4,1,,,1,
1421,vt21_Kolari,2020/03/23,1,"15 KATP",,1,,1,1,3,1,2,2,1,1,1,1,3,,,3,1,,1,,,,
1421,vt21_Kolari,2020/03/23,1,"16 HA + PK",,,,,,,2,2,,3,2,,2,1,2,1,3,,1,2,1,2,,1
1421,vt21_Kolari,2020/03/23,1,"17 HA + AV",,,,,,,,,,,,,1,,1,1,,,,,,,,
1421,vt21_Kolari,2020/03/23,2,"11 HA-PA",1,,1,,7,7,17,27,36,41,65,63,43,40,42,49,49,32,23,14,4,10,3,2
1421,vt21_Kolari,2020/03/23,2,"12 KAIP",,,,,,,1,,,1,3,3,4,2,2,1,,2,1,2,1,1,,
1421,vt21_Kolari,2020/03/23,2,"13 Linja-autot",,,,,,,,,,,,1,,,,,,1,,1,,,,
1421,vt21_Kolari,2020/03/23,2,"14 KAPP",,,,,,,1,,,,1,1,,4,2,3,2,1,,2,3,2,,3
1421,vt21_Kolari,2020/03/23,2,"15 KATP",,,1,1,,,,1,1,,1,3,4,2,3,1,1,2,1,,1,,1,1
1421,vt21_Kolari,2020/03/23,2,"16 HA + PK",,,,,,,,1,3,5,2,3,4,,2,2,1,4,3,,,1,,
1421,vt21_Kolari,2020/03/23,2,"17 HA + AV",,,,,,,,2,,3,1,,1,,,1,,1,,,,,,
1421,vt21_Kolari,2020/03/24,1,"11 HA-PA",3,1,2,4,1,4,33,33,24,22,25,26,31,22,15,22,22,17,13,14,12,3,3,2
1421,vt21_Kolari,2020/03/24,1,"12 KAIP",,,,,,,1,2,,4,2,1,1,2,1,1,3,,1,2,,1,,
1421,vt21_Kolari,2020/03/24,1,"13 Linja-autot",,,,,,,,,,2,1,1,1,2,1,1,2,2,,,,,,
1421,vt21_Kolari,2020/03/24,1,"14 KAPP",,,,,,,2,,1,,1,1,1,1,,1,1,,,,1,,2,
1421,vt21_Kolari,2020/03/24,1,"15 KATP",,,,1,,5,2,,4,1,5,1,1,5,,,,2,,1,,,,
1421,vt21_Kolari,2020/03/24,1,"16 HA + PK",,,,,,,,3,2,2,1,,1,2,3,3,,2,3,,1,2,,
1421,vt21_Kolari,2020/03/24,1,"17 HA + AV",,,,,,,,,,,1,1,1,2,1,,1,1,1,1,,,1,
1421,vt21_Kolari,2020/03/24,2,"11 HA-PA",1,1,2,2,7,12,22,35,52,46,45,51,44,41,39,55,35,37,16,4,11,13,3,3
1421,vt21_Kolari,2020/03/24,2,"12 KAIP",1,,1,1,,1,2,1,1,1,2,2,2,3,1,3,,3,,,,,,1
1421,vt21_Kolari,2020/03/24,2,"13 Linja-autot",,1,,,,,,,,,,,1,1,,,1,,,,,1,,
1421,vt21_Kolari,2020/03/24,2,"14 KAPP",,,,,1,1,,1,,5,2,3,2,2,,,2,1,4,,2,4,2,
1421,vt21_Kolari,2020/03/24,2,"15 KATP",1,,1,1,,,2,,3,1,1,2,1,2,1,3,3,1,1,,1,,,1
1421,vt21_Kolari,2020/03/24,2,"16 HA + PK",,,,,,,1,2,2,3,2,2,1,4,1,2,5,1,,2,1,,1,
1421,vt21_Kolari,2020/03/24,2,"17 HA + AV",,,,,,,,1,,3,1,1,,,,,,,,3,,1,,
1421,vt21_Kolari,2020/03/25,1,"11 HA-PA",,1,2,4,2,6,28,25,30,20,21,21,21,29,23,21,19,23,20,12,11,12,7,4
1421,vt21_Kolari,2020/03/25,1,"12 KAIP",,1,,,1,1,1,3,3,2,3,,,3,,,1,,1,,,,1,
1421,vt21_Kolari,2020/03/25,1,"13 Linja-autot",,,,,,,,1,1,,1,2,1,,2,2,3,1,1,1,,,,
1421,vt21_Kolari,2020/03/25,1,"14 KAPP",1,,,,1,,,1,,2,,4,3,,,2,3,,1,3,1,2,,1
1421,vt21_Kolari,2020/03/25,1,"15 KATP",,,,3,,,,,2,1,,,1,2,2,2,2,1,2,1,1,2,,
1421,vt21_Kolari,2020/03/25,1,"16 HA + PK",,,,,,,2,1,3,1,,,1,2,1,,,1,2,1,,,2,1
1421,vt21_Kolari,2020/03/25,1,"17 HA + AV",,,,,,,,,,,,2,,1,,,1,1,,,2,1,,
1421,vt21_Kolari,2020/03/25,2,"11 HA-PA",,2,,4,4,13,30,38,46,79,64,51,49,48,38,63,29,36,18,11,10,10,5,
1421,vt21_Kolari,2020/03/25,2,"12 KAIP",,,,,,,1,,,2,2,4,2,1,2,,2,2,1,,,,2,1
1421,vt21_Kolari,2020/03/25,2,"13 Linja-autot",,,,,,,,,,,,,,,,,,1,,,,,,
1421,vt21_Kolari,2020/03/25,2,"14 KAPP",1,,1,,,,,,2,,1,1,,1,,,,,1,1,1,2,,1
1421,vt21_Kolari,2020/03/25,2,"15 KATP",1,2,1,,,,,,,,2,1,1,1,,,,,1,4,,,,1
1421,vt21_Kolari,2020/03/25,2,"16 HA + PK",,,,,,2,,3,1,2,2,1,4,5,4,3,2,1,,1,,,1,
1421,vt21_Kolari,2020/03/25,2,"17 HA + AV",,,1,,,,,1,2,1,1,,3,,,,,,,1,1,,,
1421,vt21_Kolari,2020/03/26,1,"11 HA-PA",2,1,,2,2,8,22,28,26,26,29,32,25,34,21,31,23,27,28,12,16,8,8,1
1421,vt21_Kolari,2020/03/26,1,"12 KAIP",,,,,,,,2,3,2,2,1,,,,,3,,1,1,,,,
1421,vt21_Kolari,2020/03/26,1,"13 Linja-autot",,,,,,,,,,1,1,3,,2,3,2,2,4,2,1,,,,1
1421,vt21_Kolari,2020/03/26,1,"14 KAPP",,,1,1,,,,,1,2,2,1,2,1,2,1,1,1,,,4,,,
1421,vt21_Kolari,2020/03/26,1,"15 KATP",1,,1,,2,2,1,2,3,3,4,1,2,4,1,2,1,2,1,2,,1,1,
1421,vt21_Kolari,2020/03/26,1,"16 HA + PK",,1,,,,,1,2,,,,1,,1,1,3,,1,2,1,2,,1,
1421,vt21_Kolari,2020/03/26,1,"17 HA + AV",,,,,,,,,,1,,1,,1,1,1,,1,3,,,,,
1421,vt21_Kolari,2020/03/26,2,"11 HA-PA",1,3,1,1,6,10,29,49,71,42,56,63,45,57,46,46,51,32,21,22,13,15,3,1
1421,vt21_Kolari,2020/03/26,2,"12 KAIP",,,,1,,,1,,3,,1,1,,,2,,2,,2,,1,1,,
1421,vt21_Kolari,2020/03/26,2,"13 Linja-autot",,,,,,,,,,,,1,1,,,,,,,,,,1,
1421,vt21_Kolari,2020/03/26,2,"14 KAPP",2,,,,1,,1,2,,,3,,2,1,2,1,2,2,1,1,3,3,,2
1421,vt21_Kolari,2020/03/26,2,"15 KATP",,1,,,,,1,1,2,2,,,2,2,3,,3,,3,1,,1,2,1
1421,vt21_Kolari,2020/03/26,2,"16 HA + PK",,,,,,1,,2,,1,1,1,,3,1,3,3,1,1,,,,,1
1421,vt21_Kolari,2020/03/26,2,"17 HA + AV",,,,,,,2,,3,1,1,1,1,,1,1,1,1,,,,,,1
1421,vt21_Kolari,2020/03/27,1,"11 HA-PA",3,1,,3,1,4,20,31,21,19,36,19,37,36,26,21,37,21,28,21,16,7,4,6
1421,vt21_Kolari,2020/03/27,1,"12 KAIP",,,,,,,1,3,2,,2,,1,,,,,1,1,,1,,,
1421,vt21_Kolari,2020/03/27,1,"13 Linja-autot",,,,,,,,,,,2,,1,2,2,4,3,1,1,,,,,
1421,vt21_Kolari,2020/03/27,1,"14 KAPP",1,,,,,1,,,1,,1,2,1,1,1,1,,2,1,1,,2,1,1
1421,vt21_Kolari,2020/03/27,1,"15 KATP",,1,1,1,1,2,,6,2,,2,4,,2,2,,,,2,1,,,1,
1421,vt21_Kolari,2020/03/27,1,"16 HA + PK",,,,,,,3,,3,2,,,2,,5,3,3,1,1,3,1,1,3,
1421,vt21_Kolari,2020/03/27,1,"17 HA + AV",,,,,,,,,1,2,,,,1,,1,,3,1,,2,1,,
1421,vt21_Kolari,2020/03/27,2,"11 HA-PA",2,2,,3,6,13,42,82,96,95,70,88,48,56,49,53,43,35,34,19,15,12,6,2
1421,vt21_Kolari,2020/03/27,2,"12 KAIP",,1,1,,,,2,,1,1,1,2,2,2,3,2,1,,2,1,1,,,1
1421,vt21_Kolari,2020/03/27,2,"13 Linja-autot",,,,,,,,,,3,,,,,,,,,,,,,,
1421,vt21_Kolari,2020/03/27,2,"14 KAPP",,,,,,1,2,3,1,2,1,,1,1,1,1,3,3,3,1,,3,1,1
1421,vt21_Kolari,2020/03/27,2,"15 KATP",1,,1,2,2,,2,1,1,,3,3,3,,,,2,1,,,,,,1
1421,vt21_Kolari,2020/03/27,2,"16 HA + PK",,,,,,1,5,1,3,6,8,3,6,1,6,1,1,2,3,3,2,1,,
1421,vt21_Kolari,2020/03/27,2,"17 HA + AV",,,,,,,1,,3,3,1,3,1,7,,1,1,1,1,2,1,,,
1421,vt21_Kolari,2020/03/28,1,"11 HA-PA",2,2,2,,,3,14,9,17,23,11,30,45,33,28,24,25,21,17,16,12,3,3,1
1421,vt21_Kolari,2020/03/28,1,"12 KAIP",,,,,,,,2,,1,,1,1,1,,2,,,2,,,,,
1421,vt21_Kolari,2020/03/28,1,"13 Linja-autot",,,,,,,,1,,1,1,2,1,,2,,1,,,,,,1,
1421,vt21_Kolari,2020/03/28,1,"14 KAPP",,,,,1,1,2,1,,3,,2,,1,,,1,,1,,1,,1,
1421,vt21_Kolari,2020/03/28,1,"15 KATP",,,,,,1,1,,,1,1,2,,1,,,1,,,,,,,
1421,vt21_Kolari,2020/03/28,1,"16 HA + PK",,2,1,,,1,1,,2,1,1,1,3,4,2,3,,3,5,2,1,,,
1421,vt21_Kolari,2020/03/28,1,"17 HA + AV",1,,,,,,,,2,,,3,,2,,,,,1,1,2,,,
1421,vt21_Kolari,2020/03/28,2,"11 HA-PA",1,2,1,,9,24,47,75,136,137,130,99,56,46,48,35,24,20,17,17,15,10,1,
1421,vt21_Kolari,2020/03/28,2,"12 KAIP",,,,1,,,1,,,1,2,2,,3,,,,,,1,1,1,,
1421,vt21_Kolari,2020/03/28,2,"13 Linja-autot",,,,,,,,,,1,,,1,,,,,,,,,,,
1421,vt21_Kolari,2020/03/28,2,"14 KAPP",,1,1,1,2,,1,,2,2,2,2,,,1,,,2,1,,,,,
1421,vt21_Kolari,2020/03/28,2,"15 KATP",,,,,,,,,,1,,,1,,,,,1,1,,,,,
1421,vt21_Kolari,2020/03/28,2,"16 HA + PK",,,,2,1,1,1,2,2,4,5,7,3,2,4,,,,1,1,1,,,
1421,vt21_Kolari,2020/03/28,2,"17 HA + AV",,,,1,,,4,1,,1,2,,2,,1,2,3,,,,1,,,
1421,vt21_Kolari,2020/03/29,1,"11 HA-PA",1,1,1,,,1,9,3,2,4,5,12,17,16,28,18,21,16,25,25,19,11,6,3
1421,vt21_Kolari,2020/03/29,1,"12 KAIP",,,,,,,,,,,,,,,1,1,,1,1,1,1,,,
1421,vt21_Kolari,2020/03/29,1,"13 Linja-autot",1,,,,,,,,,,,1,,2,,,1,1,,1,,,,1
1421,vt21_Kolari,2020/03/29,1,"14 KAPP",,,,,,,,1,,,,,1,1,,3,2,3,5,4,1,,1,4
1421,vt21_Kolari,2020/03/29,1,"15 KATP",,,,,,,,,,,,,1,1,1,1,2,4,2,2,,,1,
1421,vt21_Kolari,2020/03/29,1,"16 HA + PK",1,,,,,,,,,,,1,2,3,2,1,2,5,3,1,1,3,,
1421,vt21_Kolari,2020/03/29,1,"17 HA + AV",,,,,,,,,,1,,,1,,,,,1,,,1,,1,
1421,vt21_Kolari,2020/03/29,2,"11 HA-PA",,1,,,1,5,10,22,29,30,43,38,31,30,44,33,34,31,24,12,8,5,4,
1421,vt21_Kolari,2020/03/29,2,"12 KAIP",,,,1,,,,,,,,,1,,1,2,1,1,2,,,,,
1421,vt21_Kolari,2020/03/29,2,"14 KAPP",1,3,,,,,,1,,1,,,,,1,,1,2,2,1,1,1,,
1421,vt21_Kolari,2020/03/29,2,"15 KATP",,,,,,,,,,,,,1,,,,,,1,,2,,,
1421,vt21_Kolari,2020/03/29,2,"16 HA + PK",,,,,,,1,2,4,5,3,3,6,2,3,3,4,1,2,3,,1,,1
1421,vt21_Kolari,2020/03/29,2,"17 HA + AV",,,,,,,1,,1,,,1,,,2,1,2,1,,,1,,,
1421,vt21_Kolari,2020/03/30,1,"11 HA-PA",1,2,,3,2,6,24,30,27,26,20,31,30,24,36,16,22,19,11,18,7,6,3,2
1421,vt21_Kolari,2020/03/30,1,"12 KAIP",,,,,,,2,1,2,1,2,1,,1,1,1,2,1,2,1,1,1,2,
1421,vt21_Kolari,2020/03/30,1,"13 Linja-autot",,,,,,,,,,,,,3,,,,,,,,,,,
1421,vt21_Kolari,2020/03/30,1,"14 KAPP",,,2,,,2,,1,1,1,,,,2,1,1,1,2,,2,3,,1,
1421,vt21_Kolari,2020/03/30,1,"15 KATP",,,,3,,1,,,1,4,1,,1,,1,1,1,,,3,2,,,
1421,vt21_Kolari,2020/03/30,1,"16 HA + PK",,,,,1,,1,2,,1,2,3,2,1,4,1,3,,1,,,1,,
1421,vt21_Kolari,2020/03/30,1,"17 HA + AV",,,,,,,,,,,2,1,1,1,1,,,,,,1,,,
1421,vt21_Kolari,2020/03/30,2,"11 HA-PA",,4,3,,4,13,9,16,20,35,32,32,28,40,37,39,33,34,13,14,9,8,6,1
1421,vt21_Kolari,2020/03/30,2,"12 KAIP",,,,1,,,3,,,1,,1,,1,4,3,,2,,2,1,2,,1
1421,vt21_Kolari,2020/03/30,2,"13 Linja-autot",,,,,,,,,,,,,,,,,,1,,,,1,,
1421,vt21_Kolari,2020/03/30,2,"14 KAPP",,,1,,2,,1,1,,,2,1,1,,2,2,1,1,2,1,2,1,1,
1421,vt21_Kolari,2020/03/30,2,"15 KATP",1,,2,,,1,2,,,1,,2,5,1,1,2,,2,1,1,2,1,,
1421,vt21_Kolari,2020/03/30,2,"16 HA + PK",,,,,,,1,1,1,2,2,2,1,1,3,3,,2,2,,,,,
1421,vt21_Kolari,2020/03/30,2,"17 HA + AV",,,,,,,1,,,1,1,1,1,,,,,1,,,2,1,,
1421,vt21_Kolari,2020/03/31,1,"11 HA-PA",,1,1,2,3,8,29,22,19,16,17,22,17,25,21,12,20,18,19,9,8,2,3,10
1421,vt21_Kolari,2020/03/31,1,"12 KAIP",,,,,1,,2,,1,4,,1,,2,,1,,,,3,1,,,
1421,vt21_Kolari,2020/03/31,1,"13 Linja-autot",,,,,,,,,,,,,1,1,2,,1,,1,,,,,
1421,vt21_Kolari,2020/03/31,1,"14 KAPP",2,1,,,,,1,1,,1,3,1,1,2,1,2,1,2,1,,,2,4,1
1421,vt21_Kolari,2020/03/31,1,"15 KATP",1,,2,1,1,,2,2,,,,2,,,,1,2,1,1,1,,,1,
1421,vt21_Kolari,2020/03/31,1,"16 HA + PK",1,,,,,,,,2,1,,1,1,,,3,3,,,,2,,1,
1421,vt21_Kolari,2020/03/31,1,"17 HA + AV",,,,,,,1,,,,,1,1,,,,,1,1,1,,,,
1421,vt21_Kolari,2020/03/31,2,"11 HA-PA",,2,3,2,4,7,9,15,13,23,15,22,26,22,28,49,45,27,16,7,5,11,1,3
1421,vt21_Kolari,2020/03/31,2,"12 KAIP",,,,,1,,1,,1,,2,1,,3,2,1,2,1,1,1,,,,
1421,vt21_Kolari,2020/03/31,2,"13 Linja-autot",,,,,,,1,1,,,,,2,,,1,,,1,,,,,
1421,vt21_Kolari,2020/03/31,2,"14 KAPP",,1,1,,2,2,1,3,3,1,1,,1,1,,2,1,4,1,,2,2,3,3
1421,vt21_Kolari,2020/03/31,2,"15 KATP",,,,1,,,,1,,1,,,,1,2,2,2,2,1,1,1,,,
1421,vt21_Kolari,2020/03/31,2,"16 HA + PK",,,,,,,,1,1,,1,,2,1,1,,2,2,1,1,,1,,
1421,vt21_Kolari,2020/03/31,2,"17 HA + AV",,,,,,,,,,,,,2,,1,,1,,,,,,,
